3.235793400718410817e-01,-8.944891179896521244e-03,6.084414500873933096e-02,7.418616663303710668e-02,1.144992833687684397e-02,2.800224562585181681e-02,7.539798963322580372e-02,8.804134293519286225e-02,1.240952104868926487e-01,1.143107572040806125e-01,1.170528954176180969e-01,1.126727674723587425e-01,1.124912830915230644e-01,1.125605616390081276e-01,1.186458879226219842e-01,1.133703371125707599e-01,1.098830568493387172e-01,1.058497108297327682e-01,1.028984389699434676e-01,1.093228937353037250e-01,1.057504155935037465e-01,1.072262339381030161e-01,1.090205418350537608e-01,1.117747467861071459e-01,1.111043368835303302e-01,1.106245866029310354e-01,1.094537601447275882e-01,1.121162265389389484e-01,1.111404992606648823e-01,1.106653063725803327e-01,1.111757806780722252e-01,1.104206999701199815e-01,1.099712837550421429e-01,1.099281785307616166e-01,1.092747439680971100e-01,1.083204555749742171e-01,1.089558126653000919e-01,1.078433976501711189e-01,1.086345648207968501e-01,1.086855556254050087e-01,1.072004900380633258e-01,1.069951523048085079e-01,1.059756816618004083e-01,1.053004581184938671e-01,1.053826260385102853e-01,1.054858605461673066e-01,1.052423769013312721e-01,1.051598622668492855e-01,1.053654656215614605e-01,1.053228489161671388e-01
-8.944891179896521244e-03,2.472688095674657771e-04,-1.681949953653349723e-03,-2.050771187798531344e-03,-3.165170031196599043e-04,-7.740823003729698166e-04,-2.084270313124533727e-03,-2.433777854026196799e-03,-3.430435804415600445e-03,-3.159958493193835635e-03,-3.235761008629095895e-03,-3.114678593986482894e-03,-3.109661716094768227e-03,-3.111576823122944382e-03,-3.279797023426860806e-03,-3.133961915723626045e-03,-3.037561006872355369e-03,-2.926064885926500485e-03,-2.844481167935552016e-03,-3.022076093351856903e-03,-2.923320010179609411e-03,-2.964116911770426667e-03,-3.013718004590200047e-03,-3.089854087842083818e-03,-3.071321558468767011e-03,-3.058059543494228913e-03,-3.025693709331749026e-03,-3.099293810503399131e-03,-3.072321216012449067e-03,-3.059185183679721896e-03,-3.073296520675944735e-03,-3.052423387171264088e-03,-3.039999914345496712e-03,-3.038808331655492179e-03,-3.020745061438910410e-03,-2.994365114471867016e-03,-3.011928658646524561e-03,-2.981177525848559794e-03,-3.003048218349489446e-03,-3.004457786705386473e-03,-2.963405258225573422e-03,-2.957728988292273719e-03,-2.929547170624990926e-03,-2.910881574991967379e-03,-2.913152990413163824e-03,-2.916006761722549686e-03,-2.909276002253611496e-03,-2.906995002403510876e-03,-2.912678615064707641e-03,-2.911500536785288553e-03
6.084414500873933096e-02,-1.681949953653349723e-03,1.144081071746608745e-02,1.394957378694474011e-02,2.152983870706752598e-03,5.265393931056881922e-03,1.417743856450451659e-02,1.655482774371105220e-02,2.333420600980954870e-02,2.149438924574016696e-02,2.201000638947213026e-02,2.118639033351805978e-02,2.115226497192379193e-02,2.116529174300308541e-02,2.230954426154631298e-02,2.131755763342464347e-02,2.066182792591255563e-02,1.990341890624895346e-02,1.934847737952053934e-02,2.055649782130428149e-02,1.988474795602565570e-02,2.016225301968431818e-02,2.049964517163134839e-02,2.101753128076453217e-02,2.089147095404958118e-02,2.080126125266902951e-02,2.058110524769301772e-02,2.108174132456455338e-02,2.089827073588298306e-02,2.080891798244864643e-02,2.090490486671559012e-02,2.076292349028491593e-02,2.067841764589619866e-02,2.067031236786413123e-02,2.054744399414246483e-02,2.036800465985604339e-02,2.048747384144108258e-02,2.027830121479735209e-02,2.042706809850851346e-02,2.043665613929293579e-02,2.015741227309428632e-02,2.011880165346960000e-02,1.992710579420503211e-02,1.980014033598664555e-02,1.981559075639794873e-02,1.983500242635297464e-02,1.978921905158504552e-02,1.977370343682234924e-02,1.981236400249870508e-02,1.980435058296994150e-02
7.418616663303710668e-02,-2.050771187798531344e-03,1.394957378694474011e-02,1.700846326741041123e-02,2.625094331879474982e-03,6.419999681183257388e-03,1.728629467346292498e-02,2.018500234327849641e-02,2.845097576841152526e-02,2.620772043112470917e-02,2.683640309793271228e-02,2.583218292259964813e-02,2.579057448580988204e-02,2.580645779240971563e-02,2.720162421308522371e-02,2.599211284135002215e-02,2.519259345718031715e-02,2.426787904298849732e-02,2.359124886653436379e-02,2.506416636381199672e-02,2.424511389074114967e-02,2.458347080069785140e-02,2.499484695532098316e-02,2.562629613064530340e-02,2.547259305203082927e-02,2.536260199311203556e-02,2.509416975418306273e-02,2.570458627685701450e-02,2.548088390315705540e-02,2.537193770538528209e-02,2.548897277901109037e-02,2.531585745215164315e-02,2.521282100300145657e-02,2.520293838394882524e-02,2.505312719594493531e-02,2.483434005788961660e-02,2.498000667234009931e-02,2.472496626815623086e-02,2.490635504143722326e-02,2.491804556632223194e-02,2.457756856584671426e-02,2.453049133498294565e-02,2.429676003748144214e-02,2.414195334837971815e-02,2.416079176681761032e-02,2.418446006524978958e-02,2.412863722364259889e-02,2.410971931490966599e-02,2.415685744409205860e-02,2.414708682645274468e-02
1.144992833687684397e-02,-3.165170031196599043e-04,2.152983870706752598e-03,2.625094331879474982e-03,4.051583110668008705e-04,9.908658124355091204e-04,2.667974963584979209e-03,3.115362887712649909e-03,4.391137168118086111e-03,4.044912069572384646e-03,4.141943252180811316e-03,3.986951431416105827e-03,3.980529565439201549e-03,3.982981002554507842e-03,4.198311653264211532e-03,4.011635091345202610e-03,3.888236888308657744e-03,3.745516024634059499e-03,3.641084600521086144e-03,3.868415389472426580e-03,3.742002440179704233e-03,3.794224607021853043e-03,3.857716598908093875e-03,3.955174765760260426e-03,3.931452159307220404e-03,3.914476086819947999e-03,3.873046127050657969e-03,3.967258104262435907e-03,3.932731773223889504e-03,3.915916965104270127e-03,3.933980214180733161e-03,3.907261512076057319e-03,3.891358817377009102e-03,3.889833529239498672e-03,3.866711599039330399e-03,3.832943887814200742e-03,3.855426142555632135e-03,3.816063084947355754e-03,3.844058714718262028e-03,3.845863035904100152e-03,3.793313653280224167e-03,3.786047731018003359e-03,3.749973531097163405e-03,3.726080592875248999e-03,3.728988123360857908e-03,3.732641099828085552e-03,3.724025375833017650e-03,3.721105576777374285e-03,3.728380898115128163e-03,3.726872896329177110e-03
2.800224562585181681e-02,-7.740823003729698166e-04,5.265393931056881922e-03,6.419999681183257388e-03,9.908658124355091204e-04,2.423287469207553117e-03,6.524869680914347457e-03,7.619013344775968193e-03,1.073908045017416164e-02,9.892343250947654640e-03,1.012964526095385710e-02,9.750593191162981385e-03,9.734887706973891983e-03,9.740883006002712743e-03,1.026750130391189571e-02,9.810960198531349860e-03,9.509174310484364359e-03,9.160132415813414600e-03,8.904732180717639042e-03,9.460698332054283399e-03,9.151539501340824959e-03,9.279255404882127967e-03,9.434533088703588033e-03,9.672879342596779617e-03,9.614862712864383903e-03,9.573345583886319968e-03,9.472023385563809600e-03,9.702430672767936581e-03,9.617992170285074791e-03,9.576869433682407701e-03,9.621045390296087060e-03,9.555701430305502814e-03,9.516809382253030650e-03,9.513079097502022755e-03,9.456531497398423455e-03,9.373948295466456859e-03,9.428931488458714219e-03,9.332664160375703233e-03,9.401131008222337812e-03,9.405543703529112287e-03,9.277027552473159425e-03,9.259257822052207459e-03,9.171033810755542873e-03,9.112600613173172173e-03,9.119711346133837701e-03,9.128645161376257311e-03,9.107574320366913778e-03,9.100433583068986976e-03,9.118226300115973848e-03,9.114538291320438412e-03
7.539798963322580372e-02,-2.084270313124533727e-03,1.417743856450451659e-02,1.728629467346292498e-02,2.667974963584979209e-03,6.524869680914347457e-03,1.756866442545402737e-02,2.051472217122760067e-02,2.891571937734479722e-02,2.663582070698948881e-02,2.727477283709533670e-02,2.625414883392020171e-02,2.621186072781996751e-02,2.622800348651374222e-02,2.764595979962326117e-02,2.641669119057839937e-02,2.560411174382835192e-02,2.466429221979465555e-02,2.397660936266361731e-02,2.547358680779397005e-02,2.464115520125016029e-02,2.498503913469878046e-02,2.540313507426990650e-02,2.604489890350959388e-02,2.588868510174667861e-02,2.577689735078841568e-02,2.550408030029844425e-02,2.612446791078353037e-02,2.589711138302829702e-02,2.578638556091099321e-02,2.590533238979381495e-02,2.572938924281218884e-02,2.562466970442049685e-02,2.561462565385564868e-02,2.546236731631495651e-02,2.524000631404626702e-02,2.538805237687339830e-02,2.512884591529923259e-02,2.531319765455351117e-02,2.532507914289700707e-02,2.497904048748039729e-02,2.493119425514720572e-02,2.469364498220597004e-02,2.453630954259776106e-02,2.455545568456156402e-02,2.457951060208601879e-02,2.452277590040482722e-02,2.450354896968108195e-02,2.455145709509995791e-02,2.454152687547957179e-02
8.804134293519286225e-02,-2.433777854026196799e-03,1.655482774371105220e-02,2.018500234327849641e-02,3.115362887712649909e-03,7.619013344775968193e-03,2.051472217122760067e-02,2.395479904282941247e-02,3.376454436388280633e-02,3.110233358517786734e-02,3.184843044902654213e-02,3.065665984203090957e-02,3.060728051946063830e-02,3.062613022833174728e-02,3.228186108583719349e-02,3.084645863419560596e-02,2.989761920118919059e-02,2.880020303114085370e-02,2.799720387227921242e-02,2.974520677333951368e-02,2.877318620756132844e-02,2.917473541944253304e-02,2.966294111530601990e-02,3.041232116705988933e-02,3.022991215378092317e-02,3.009937891587964251e-02,2.978081366476894448e-02,3.050523295808379651e-02,3.023975142301861194e-02,3.011045818689588732e-02,3.024935099562560403e-02,3.004390425870539713e-02,2.992162448922575796e-02,2.990989616988292549e-02,2.973210590550903060e-02,2.947245758661631160e-02,2.964532922750463123e-02,2.934265690049031941e-02,2.955792225140173660e-02,2.957179612516001865e-02,2.916773086985858035e-02,2.911186138886218827e-02,2.883447790549890227e-02,2.865075916894149755e-02,2.867311589302281791e-02,2.870120453641198874e-02,2.863495609462540781e-02,2.861250503446198523e-02,2.866844678728472026e-02,2.865685138699241089e-02
1.240952104868926487e-01,-3.430435804415600445e-03,2.333420600980954870e-02,2.845097576841152526e-02,4.391137168118086111e-03,1.073908045017416164e-02,2.891571937734479722e-02,3.376454436388280633e-02,4.759148486540393241e-02,4.383907042089619371e-02,4.489070189624812246e-02,4.321088853360909032e-02,4.314128785256790555e-02,4.316785671796714158e-02,4.550162699476825029e-02,4.347841195247863916e-02,4.214101266673718482e-02,4.059419288782865898e-02,3.946235702165920567e-02,4.192618572652661441e-02,4.055611238727063056e-02,4.112210027782213506e-02,4.181023140541874350e-02,4.286649056908813787e-02,4.260938312225805158e-02,4.242539513328778128e-02,4.197637401920161632e-02,4.299745072802481360e-02,4.262325167703422818e-02,4.244101148377656119e-02,4.263678237685727263e-02,4.234720301320844815e-02,4.217484837587563012e-02,4.215831718485819890e-02,4.190771991379817901e-02,4.154174284312545790e-02,4.178540726199959227e-02,4.135878739368349655e-02,4.166220619831880606e-02,4.168176157113499120e-02,4.111222729058681968e-02,4.103347866212530420e-02,4.064250368825584464e-02,4.038355017251647749e-02,4.041506221320249198e-02,4.045465345519735217e-02,4.036127557096844121e-02,4.032963056256976681e-02,4.040848105894005032e-02,4.039213721873945867e-02
1.143107572040806125e-01,-3.159958493193835635e-03,2.149438924574016696e-02,2.620772043112470917e-02,4.044912069572384646e-03,9.892343250947654640e-03,2.663582070698948881e-02,3.110233358517786734e-02,4.383907042089619371e-02,4.038252012526260398e-02,4.135123430670015199e-02,3.980386808127207854e-02,3.973975515926236879e-02,3.976422916684022729e-02,4.191399019657534447e-02,4.005029825743094268e-02,3.881834801182963007e-02,3.739348931267791332e-02,3.635089456317155271e-02,3.862045938980356030e-02,3.735841132025246453e-02,3.787977313658232731e-02,3.851364764263786461e-02,3.948662463610218276e-02,3.924978917069864986e-02,3.908030796144729840e-02,3.866669051923981443e-02,3.960725906568968169e-02,3.926256424067613160e-02,3.909469301984037221e-02,3.927502809432686925e-02,3.900828100393140263e-02,3.884951589910737302e-02,3.883428813201401236e-02,3.860344953884261437e-02,3.826632842108255994e-02,3.849078079209641845e-02,3.809779833939585386e-02,3.837729368149406239e-02,3.839530718471705767e-02,3.787067859826589999e-02,3.779813901101727880e-02,3.743799098326069247e-02,3.719945500472704447e-02,3.722848243630787202e-02,3.726495205373550612e-02,3.717893667400869184e-02,3.714978675873315678e-02,3.722242018197827879e-02,3.720736499377551298e-02
1.170528954176180969e-01,-3.235761008629095895e-03,2.201000638947213026e-02,2.683640309793271228e-02,4.141943252180811316e-03,1.012964526095385710e-02,2.727477283709533670e-02,3.184843044902654213e-02,4.489070189624812246e-02,4.135123430670015199e-02,4.234318644263870141e-02,4.075870129541488834e-02,4.069305040359650488e-02,4.071811150475156127e-02,4.291944197566409380e-02,4.101104295024428359e-02,3.974954012421884342e-02,3.829050126929329362e-02,3.722289628475965867e-02,3.954690446030598161e-02,3.825458181009899067e-02,3.878845028979654302e-02,3.943753046457608435e-02,4.043384767080689113e-02,4.019133088900025963e-02,4.001778408774543661e-02,3.959424460301290416e-02,4.055737593372530508e-02,4.020441241314190450e-02,4.003251422143440375e-02,4.021717525535869336e-02,3.994402931495277809e-02,3.978145568089167666e-02,3.976586262322509557e-02,3.952948656933708699e-02,3.918427843752688572e-02,3.941411507366801570e-02,3.901170557991571336e-02,3.929790558285994884e-02,3.931635120215610374e-02,3.877913758757595836e-02,3.870485788785613113e-02,3.833607046610389146e-02,3.809181237848795198e-02,3.812153613324355261e-02,3.815888060037026658e-02,3.807080184475961082e-02,3.804095266811474002e-02,3.811532845481162973e-02,3.809991211593586474e-02
1.126727674723587425e-01,-3.114678593986482894e-03,2.118639033351805978e-02,2.583218292259964813e-02,3.986951431416105827e-03,9.750593191162981385e-03,2.625414883392020171e-02,3.065665984203090957e-02,4.321088853360909032e-02,3.980386808127207854e-02,4.075870129541488834e-02,3.923350769879671573e-02,3.917031346817288762e-02,3.919443678108242013e-02,4.131339330406293142e-02,3.947640671036567461e-02,3.826210941276011329e-02,3.685766789896772339e-02,3.583001277138152252e-02,3.806705639027707644e-02,3.682309254857516617e-02,3.733698363054406555e-02,3.796177517750216196e-02,3.892081012068576706e-02,3.868736833466963204e-02,3.852031566746659530e-02,3.811262506136616629e-02,3.903971594693103619e-02,3.869996034721671918e-02,3.853449459847056724e-02,3.871224560294039829e-02,3.844932080369001942e-02,3.829283068695827491e-02,3.827782112265457060e-02,3.805029027806705599e-02,3.771799985990885451e-02,3.793923599224161697e-02,3.755188469130658901e-02,3.782737506911582753e-02,3.784513045198284464e-02,3.732801941032470178e-02,3.725651926242490308e-02,3.690153189308601617e-02,3.666641396105127515e-02,3.669502545072071686e-02,3.673097248514452240e-02,3.664618964303911069e-02,3.661745742477678922e-02,3.668905006407183200e-02,3.667421060572931962e-02
1.124912830915230644e-01,-3.109661716094768227e-03,2.115226497192379193e-02,2.579057448580988204e-02,3.980529565439201549e-03,9.734887706973891983e-03,2.621186072781996751e-02,3.060728051946063830e-02,4.314128785256790555e-02,3.973975515926236879e-02,4.069305040359650488e-02,3.917031346817288762e-02,3.910722102581673520e-02,3.913130548280131793e-02,4.124684895823596542e-02,3.941282123722814057e-02,3.820047983365220529e-02,3.679830048315126806e-02,3.577230062115219905e-02,3.800574098714820659e-02,3.676378082399844177e-02,3.727684417086422897e-02,3.790062935302213054e-02,3.885811955858418931e-02,3.862505378213057505e-02,3.845827019014950998e-02,3.805123625982653052e-02,3.897683386073087786e-02,3.863762551246015947e-02,3.847242628285325178e-02,3.864989098006579860e-02,3.838738967928333884e-02,3.823115162445230725e-02,3.821616623636728965e-02,3.798900188046554216e-02,3.765724668942659059e-02,3.787812647209840011e-02,3.749139908599769672e-02,3.776644572569926028e-02,3.778417250960006135e-02,3.726789438950119798e-02,3.719650940838391262e-02,3.684209382461819948e-02,3.660735460194980417e-02,3.663592000649426583e-02,3.667180914027895478e-02,3.658716285966876619e-02,3.655847692099071372e-02,3.662995424452576698e-02,3.661513868840918229e-02
1.125605616390081276e-01,-3.111576823122944382e-03,2.116529174300308541e-02,2.580645779240971563e-02,3.982981002554507842e-03,9.740883006002712743e-03,2.622800348651374222e-02,3.062613022833174728e-02,4.316785671796714158e-02,3.976422916684022729e-02,4.071811150475156127e-02,3.919443678108242013e-02,3.913130548280131793e-02,3.915540477236904154e-02,4.127225112012417041e-02,3.943709390025165740e-02,3.822400586769995889e-02,3.682096297518945571e-02,3.579433124396215471e-02,3.802914708990799697e-02,3.678642205686111916e-02,3.729980137739568463e-02,3.792397072204392594e-02,3.888205060468007818e-02,3.864884129302924992e-02,3.848195498620036320e-02,3.807467038116987834e-02,3.900083801786412285e-02,3.866142076574727998e-02,3.849611979703301823e-02,3.867369378712697675e-02,3.841103082307304600e-02,3.825469654793817176e-02,3.823970193099616999e-02,3.801239767432903344e-02,3.768043816952373198e-02,3.790145398256224152e-02,3.751448842768214526e-02,3.778970445679028650e-02,3.780744215785589862e-02,3.729084608424747260e-02,3.721941714018765779e-02,3.686478328709309749e-02,3.662989949862395511e-02,3.665848249537412978e-02,3.669439373173349200e-02,3.660969532111660318e-02,3.658099171600190380e-02,3.665251305934907194e-02,3.663768837896774766e-02
1.186458879226219842e-01,-3.279797023426860806e-03,2.230954426154631298e-02,2.720162421308522371e-02,4.198311653264211532e-03,1.026750130391189571e-02,2.764595979962326117e-02,3.228186108583719349e-02,4.550162699476825029e-02,4.191399019657534447e-02,4.291944197566409380e-02,4.131339330406293142e-02,4.124684895823596542e-02,4.127225112012417041e-02,4.350353986698300007e-02,4.156916911883708210e-02,4.029049828906619557e-02,3.881160312941588780e-02,3.772946892941363844e-02,4.008510492238440831e-02,3.877519483627080848e-02,3.931632882173651672e-02,3.997424243758469775e-02,4.098411869194040769e-02,4.073830145853539475e-02,4.056239282972650545e-02,4.013308932504065785e-02,4.110932807172685416e-02,4.075156101133485531e-02,4.057732342827745364e-02,4.076449754521407204e-02,4.048763431584893879e-02,4.032284818990814618e-02,4.030704292370148462e-02,4.006744998841276634e-02,3.971754386118206415e-02,3.995050838269011834e-02,3.954262243057947435e-02,3.983271737741195945e-02,3.985141402623777057e-02,3.930688938138741234e-02,3.923159879676434841e-02,3.885779248507621048e-02,3.861021024813848096e-02,3.864033851846272738e-02,3.867819121271198757e-02,3.858891377852968069e-02,3.855865837942820673e-02,3.863404635869265719e-02,3.861842021627344412e-02
1.133703371125707599e-01,-3.133961915723626045e-03,2.131755763342464347e-02,2.599211284135002215e-02,4.011635091345202610e-03,9.810960198531349860e-03,2.641669119057839937e-02,3.084645863419560596e-02,4.347841195247863916e-02,4.005029825743094268e-02,4.101104295024428359e-02,3.947640671036567461e-02,3.941282123722814057e-02,3.943709390025165740e-02,4.156916911883708210e-02,3.972080953674144571e-02,3.849899438945522667e-02,3.708585782198228070e-02,3.605184036715698009e-02,3.830273377200673485e-02,3.705106841174831550e-02,3.756814105058549347e-02,3.819680075152909887e-02,3.916177318675521934e-02,3.892688613666758085e-02,3.875879922781422932e-02,3.834858456380888653e-02,3.928141517220147538e-02,3.893955610776556053e-02,3.877306594215785412e-02,3.895191742287428677e-02,3.868736482693668072e-02,3.852990586247995175e-02,3.851480337229377243e-02,3.828586385893081173e-02,3.795151619381999936e-02,3.817412202366457508e-02,3.778437258772610052e-02,3.806156855711795295e-02,3.807943386553547943e-02,3.755912133188076679e-02,3.748717851861003980e-02,3.712999338296889273e-02,3.689341980965603340e-02,3.692220843624187399e-02,3.695837802275490913e-02,3.687307028064075454e-02,3.684416017801817045e-02,3.691619605530926246e-02,3.690126472422887438e-02
1.098830568493387172e-01,-3.037561006872355369e-03,2.066182792591255563e-02,2.519259345718031715e-02,3.888236888308657744e-03,9.509174310484364359e-03,2.560411174382835192e-02,2.989761920118919059e-02,4.214101266673718482e-02,3.881834801182963007e-02,3.974954012421884342e-02,3.826210941276011329e-02,3.820047983365220529e-02,3.822400586769995889e-02,4.029049828906619557e-02,3.849899438945522667e-02,3.731476236979248268e-02,3.594509399149963674e-02,3.494288299287635902e-02,3.712453874398665560e-02,3.591137470619217703e-02,3.641254215100756669e-02,3.702186423134219001e-02,3.795715404046321600e-02,3.772949213404817176e-02,3.756657559140118979e-02,3.716897916191651274e-02,3.807311582926237864e-02,3.774177237586384681e-02,3.758040346051742114e-02,3.775375345597150462e-02,3.749733851817212832e-02,3.734472300353675750e-02,3.733008506710666641e-02,3.710818775073058962e-02,3.678412464543814875e-02,3.699988310288580828e-02,3.662212238948427123e-02,3.689079178960107813e-02,3.690810755976200314e-02,3.640379987954210639e-02,3.633407003272404873e-02,3.598787193924581074e-02,3.575857538718939937e-02,3.578647847341356186e-02,3.582153548067189275e-02,3.573885181124653726e-02,3.571083098559805352e-02,3.578065103377944117e-02,3.576617899158807123e-02
1.058497108297327682e-01,-2.926064885926500485e-03,1.990341890624895346e-02,2.426787904298849732e-02,3.745516024634059499e-03,9.160132415813414600e-03,2.466429221979465555e-02,2.880020303114085370e-02,4.059419288782865898e-02,3.739348931267791332e-02,3.829050126929329362e-02,3.685766789896772339e-02,3.679830048315126806e-02,3.682096297518945571e-02,3.881160312941588780e-02,3.708585782198228070e-02,3.594509399149963674e-02,3.462570039314201431e-02,3.366027635565771448e-02,3.576185267694318576e-02,3.459321880133450766e-02,3.507599049182093254e-02,3.566294691490307783e-02,3.656390615899470647e-02,3.634460076604402456e-02,3.618766420618629853e-02,3.580466187357410346e-02,3.667561147702665808e-02,3.635643025170229303e-02,3.620098451223981162e-02,3.636797155662390563e-02,3.612096853544199959e-02,3.597395489607423807e-02,3.595985425687934361e-02,3.574610186005154622e-02,3.543393375179736127e-02,3.564177262145411251e-02,3.527787791900462155e-02,3.553668559260440146e-02,3.555336577348833932e-02,3.506756911246434322e-02,3.500039875578261211e-02,3.466690814189507530e-02,3.444602810428643025e-02,3.447290698527834957e-02,3.450667719687700724e-02,3.442702849806939663e-02,3.440003619937342244e-02,3.446729344650491245e-02,3.445335261226753487e-02
1.028984389699434676e-01,-2.844481167935552016e-03,1.934847737952053934e-02,2.359124886653436379e-02,3.641084600521086144e-03,8.904732180717639042e-03,2.397660936266361731e-02,2.799720387227921242e-02,3.946235702165920567e-02,3.635089456317155271e-02,3.722289628475965867e-02,3.583001277138152252e-02,3.577230062115219905e-02,3.579433124396215471e-02,3.772946892941363844e-02,3.605184036715698009e-02,3.494288299287635902e-02,3.366027635565771448e-02,3.272176999959458543e-02,3.476475076110326773e-02,3.362870040645499908e-02,3.409801159248032620e-02,3.466860266169646126e-02,3.554444161360179044e-02,3.533125083192239363e-02,3.517868993307687181e-02,3.480636636375689791e-02,3.565303239538129138e-02,3.534275049118908857e-02,3.519163884610466975e-02,3.535397000469432671e-02,3.511385385226151873e-02,3.497093920582875631e-02,3.495723171668915080e-02,3.474943910405724201e-02,3.444597477917901718e-02,3.464801874394039111e-02,3.429427005121443023e-02,3.454586172206638300e-02,3.456207683083951931e-02,3.408982501565377410e-02,3.402452748396071758e-02,3.370033516155218623e-02,3.348561363901463722e-02,3.351174309060832301e-02,3.354457173066700132e-02,3.346714377447319172e-02,3.344090406745620775e-02,3.350628606694396050e-02,3.349273392712515812e-02
1.093228937353037250e-01,-3.022076093351856903e-03,2.055649782130428149e-02,2.506416636381199672e-02,3.868415389472426580e-03,9.460698332054283399e-03,2.547358680779397005e-02,2.974520677333951368e-02,4.192618572652661441e-02,3.862045938980356030e-02,3.954690446030598161e-02,3.806705639027707644e-02,3.800574098714820659e-02,3.802914708990799697e-02,4.008510492238440831e-02,3.830273377200673485e-02,3.712453874398665560e-02,3.576185267694318576e-02,3.476475076110326773e-02,3.693528484237320469e-02,3.572830528619702628e-02,3.622691787383471029e-02,3.683313374504337129e-02,3.776365562299298373e-02,3.753715429406887655e-02,3.737506826925068859e-02,3.697949871142895001e-02,3.787902626044819393e-02,3.754937193352583802e-02,3.738882564649671086e-02,3.756129193634544922e-02,3.730618415357229295e-02,3.715434664406670751e-02,3.713978332907746233e-02,3.691901720339946930e-02,3.659660611074115610e-02,3.681126467223708870e-02,3.643542971175534745e-02,3.670272948590715123e-02,3.671995698353525128e-02,3.621822016882097345e-02,3.614884579162060130e-02,3.580441255077439211e-02,3.557628490932474713e-02,3.560404575087389167e-02,3.563892404411662940e-02,3.555666188045453202e-02,3.552878389969411910e-02,3.559824801842906283e-02,3.558384975198110312e-02
1.057504155935037465e-01,-2.923320010179609411e-03,1.988474795602565570e-02,2.424511389074114967e-02,3.742002440179704233e-03,9.151539501340824959e-03,2.464115520125016029e-02,2.877318620756132844e-02,4.055611238727063056e-02,3.735841132025246453e-02,3.825458181009899067e-02,3.682309254857516617e-02,3.676378082399844177e-02,3.678642205686111916e-02,3.877519483627080848e-02,3.705106841174831550e-02,3.591137470619217703e-02,3.459321880133450766e-02,3.362870040645499908e-02,3.572830528619702628e-02,3.456076767977837860e-02,3.504308649298545214e-02,3.562949230543074886e-02,3.652960637989201287e-02,3.631050671240453054e-02,3.615371737120891271e-02,3.577107432448244778e-02,3.664120690967479638e-02,3.632232510108820284e-02,3.616702518178261522e-02,3.633385557937109100e-02,3.608708426617506654e-02,3.594020853700056334e-02,3.592612112529812440e-02,3.571256924479309508e-02,3.540069397442979077e-02,3.560833787511084175e-02,3.524478453410856416e-02,3.550334942604251032e-02,3.552001395962341851e-02,3.503467301353553609e-02,3.496756566785665099e-02,3.463438789402336487e-02,3.441371505901723998e-02,3.444056872553459547e-02,3.447430725805587792e-02,3.439473327590390761e-02,3.436776629807684197e-02,3.443496045269579808e-02,3.442103269604218641e-02
1.072262339381030161e-01,-2.964116911770426667e-03,2.016225301968431818e-02,2.458347080069785140e-02,3.794224607021853043e-03,9.279255404882127967e-03,2.498503913469878046e-02,2.917473541944253304e-02,4.112210027782213506e-02,3.787977313658232731e-02,3.878845028979654302e-02,3.733698363054406555e-02,3.727684417086422897e-02,3.729980137739568463e-02,3.931632882173651672e-02,3.756814105058549347e-02,3.641254215100756669e-02,3.507599049182093254e-02,3.409801159248032620e-02,3.622691787383471029e-02,3.504308649298545214e-02,3.553213639040127964e-02,3.612672589130373063e-02,3.703940166451440141e-02,3.681724431345407417e-02,3.665826687129711270e-02,3.627028378288299493e-02,3.715255965492864770e-02,3.682922763571955943e-02,3.667176040133959813e-02,3.684091902960050235e-02,3.659070385636030431e-02,3.644177837736362752e-02,3.642749436633414134e-02,3.621096222536352577e-02,3.589473452534167747e-02,3.610527623664638863e-02,3.573664926366959538e-02,3.599882260299010900e-02,3.601571970137245476e-02,3.552360549517341592e-02,3.545556162124310906e-02,3.511773412695407687e-02,3.489398165376150079e-02,3.492121008129926013e-02,3.495541945778812831e-02,3.487473496706761794e-02,3.484739164688450963e-02,3.491552354123234059e-02,3.490140141334426016e-02
1.090205418350537608e-01,-3.013718004590200047e-03,2.049964517163134839e-02,2.499484695532098316e-02,3.857716598908093875e-03,9.434533088703588033e-03,2.540313507426990650e-02,2.966294111530601990e-02,4.181023140541874350e-02,3.851364764263786461e-02,3.943753046457608435e-02,3.796177517750216196e-02,3.790062935302213054e-02,3.792397072204392594e-02,3.997424243758469775e-02,3.819680075152909887e-02,3.702186423134219001e-02,3.566294691490307783e-02,3.466860266169646126e-02,3.683313374504337129e-02,3.562949230543074886e-02,3.612672589130373063e-02,3.673126516473550901e-02,3.765921351898454672e-02,3.743333861975791516e-02,3.727170087266009485e-02,3.687722533278272458e-02,3.777426507842888276e-02,3.744552246916031668e-02,3.728542020143312680e-02,3.745740950509299227e-02,3.720300726825084142e-02,3.705158969237503513e-02,3.703706665482289773e-02,3.681691109711746068e-02,3.649539168966003944e-02,3.670945657473830004e-02,3.633466105266356522e-02,3.660122156176353475e-02,3.661840141368431778e-02,3.611805224133987635e-02,3.604886973131439520e-02,3.570538908183585464e-02,3.547789236793953693e-02,3.550557643194609397e-02,3.554035826306731205e-02,3.545832361004547240e-02,3.543052273079714404e-02,3.549979473416075421e-02,3.548543628867884686e-02
1.117747467861071459e-01,-3.089854087842083818e-03,2.101753128076453217e-02,2.562629613064530340e-02,3.955174765760260426e-03,9.672879342596779617e-03,2.604489890350959388e-02,3.041232116705988933e-02,4.286649056908813787e-02,3.948662463610218276e-02,4.043384767080689113e-02,3.892081012068576706e-02,3.885811955858418931e-02,3.888205060468007818e-02,4.098411869194040769e-02,3.916177318675521934e-02,3.795715404046321600e-02,3.656390615899470647e-02,3.554444161360179044e-02,3.776365562299298373e-02,3.652960637989201287e-02,3.703940166451440141e-02,3.765921351898454672e-02,3.861060479425171971e-02,3.837902357807456560e-02,3.821330234839825923e-02,3.780886110419844071e-02,3.872856292129631811e-02,3.839151523018904250e-02,3.822736827096565732e-02,3.840370257038230872e-02,3.814287332548726983e-02,3.798763046099942059e-02,3.797274052541802641e-02,3.774702313948433141e-02,3.741738113119480458e-02,3.763685397477686823e-02,3.725258992809988429e-02,3.752588460180337343e-02,3.754349847131740331e-02,3.703050889062023399e-02,3.695957861078478374e-02,3.660742054978845944e-02,3.637417654675573903e-02,3.640255999809614146e-02,3.643822052868014166e-02,3.635411341991989786e-02,3.632561020221316411e-02,3.639663223627232630e-02,3.638191105087958122e-02
1.111043368835303302e-01,-3.071321558468767011e-03,2.089147095404958118e-02,2.547259305203082927e-02,3.931452159307220404e-03,9.614862712864383903e-03,2.588868510174667861e-02,3.022991215378092317e-02,4.260938312225805158e-02,3.924978917069864986e-02,4.019133088900025963e-02,3.868736833466963204e-02,3.862505378213057505e-02,3.864884129302924992e-02,4.073830145853539475e-02,3.892688613666758085e-02,3.772949213404817176e-02,3.634460076604402456e-02,3.533125083192239363e-02,3.753715429406887655e-02,3.631050671240453054e-02,3.681724431345407417e-02,3.743333861975791516e-02,3.837902357807456560e-02,3.814883135489541277e-02,3.798410409887278960e-02,3.758208863887622236e-02,3.849627420813338946e-02,3.816124808375965377e-02,3.799808565592760479e-02,3.817336232592508788e-02,3.791409749977167620e-02,3.775978576111123364e-02,3.774498513336196209e-02,3.752062156996040232e-02,3.719295671011479953e-02,3.741111318508991840e-02,3.702915390249872374e-02,3.730080939149549996e-02,3.731831761538847991e-02,3.680840487722206872e-02,3.673790002766837842e-02,3.638785416337257661e-02,3.615600912650936832e-02,3.618422233772498192e-02,3.621966898124097389e-02,3.613606633561049220e-02,3.610773407637134225e-02,3.617833012981930274e-02,3.616369724011755243e-02
1.106245866029310354e-01,-3.058059543494228913e-03,2.080126125266902951e-02,2.536260199311203556e-02,3.914476086819947999e-03,9.573345583886319968e-03,2.577689735078841568e-02,3.009937891587964251e-02,4.242539513328778128e-02,3.908030796144729840e-02,4.001778408774543661e-02,3.852031566746659530e-02,3.845827019014950998e-02,3.848195498620036320e-02,4.056239282972650545e-02,3.875879922781422932e-02,3.756657559140118979e-02,3.618766420618629853e-02,3.517868993307687181e-02,3.737506826925068859e-02,3.615371737120891271e-02,3.665826687129711270e-02,3.727170087266009485e-02,3.821330234839825923e-02,3.798410409887278960e-02,3.782008813774195843e-02,3.741980858684810368e-02,3.833004668838583401e-02,3.799646721210592909e-02,3.783400932221234192e-02,3.800852914478221323e-02,3.775038382824098815e-02,3.759673841010451739e-02,3.758200169169872984e-02,3.735860693370602476e-02,3.703235693589800037e-02,3.724957140777030579e-02,3.686926143139074991e-02,3.713974390769773232e-02,3.715717653080349153e-02,3.664946560389007596e-02,3.657926519538970411e-02,3.623073083466217537e-02,3.599988690832792854e-02,3.602797829445218702e-02,3.606327187880248308e-02,3.598003023071495721e-02,3.595182031061857492e-02,3.602211152919325421e-02,3.600754182454009300e-02
1.094537601447275882e-01,-3.025693709331749026e-03,2.058110524769301772e-02,2.509416975418306273e-02,3.873046127050657969e-03,9.472023385563809600e-03,2.550408030029844425e-02,2.978081366476894448e-02,4.197637401920161632e-02,3.866669051923981443e-02,3.959424460301290416e-02,3.811262506136616629e-02,3.805123625982653052e-02,3.807467038116987834e-02,4.013308932504065785e-02,3.834858456380888653e-02,3.716897916191651274e-02,3.580466187357410346e-02,3.480636636375689791e-02,3.697949871142895001e-02,3.577107432448244778e-02,3.627028378288299493e-02,3.687722533278272458e-02,3.780886110419844071e-02,3.758208863887622236e-02,3.741980858684810368e-02,3.702376550727851101e-02,3.792436984759441077e-02,3.759432090361929796e-02,3.743358243254357037e-02,3.760625517543569191e-02,3.735084201253180414e-02,3.719882274393588456e-02,3.718424199573933109e-02,3.696321159906337112e-02,3.664041455996137897e-02,3.685533008131514077e-02,3.647904522264520250e-02,3.674666497151059946e-02,3.676391309154185272e-02,3.626157566616752814e-02,3.619211824345494599e-02,3.584727269426252194e-02,3.561887196961592561e-02,3.564666604264596361e-02,3.568158608740896326e-02,3.559922545074069300e-02,3.557131409827628266e-02,3.564086136994880361e-02,3.562644586786700013e-02
1.121162265389389484e-01,-3.099293810503399131e-03,2.108174132456455338e-02,2.570458627685701450e-02,3.967258104262435907e-03,9.702430672767936581e-03,2.612446791078353037e-02,3.050523295808379651e-02,4.299745072802481360e-02,3.960725906568968169e-02,4.055737593372530508e-02,3.903971594693103619e-02,3.897683386073087786e-02,3.900083801786412285e-02,4.110932807172685416e-02,3.928141517220147538e-02,3.807311582926237864e-02,3.667561147702665808e-02,3.565303239538129138e-02,3.787902626044819393e-02,3.664120690967479638e-02,3.715255965492864770e-02,3.777426507842888276e-02,3.872856292129631811e-02,3.849627420813338946e-02,3.833004668838583401e-02,3.792436984759441077e-02,3.884688141875764639e-02,3.850880402312811812e-02,3.834415558334065832e-02,3.852102859650684968e-02,3.825940249983109109e-02,3.810368535741735785e-02,3.808874993203078402e-02,3.786234296352670309e-02,3.753169387559929931e-02,3.775183722423362115e-02,3.736639922372962663e-02,3.764052883198117094e-02,3.765819651311166222e-02,3.714363971298138140e-02,3.707249273612715779e-02,3.671925880736066905e-02,3.648530222741076801e-02,3.651377239220149340e-02,3.654954186822726575e-02,3.646517780630360167e-02,3.643658750925248685e-02,3.650782652064562400e-02,3.649306036099111278e-02
1.111404992606648823e-01,-3.072321216012449067e-03,2.089827073588298306e-02,2.548088390315705540e-02,3.932731773223889504e-03,9.617992170285074791e-03,2.589711138302829702e-02,3.023975142301861194e-02,4.262325167703422818e-02,3.926256424067613160e-02,4.020441241314190450e-02,3.869996034721671918e-02,3.863762551246015947e-02,3.866142076574727998e-02,4.075156101133485531e-02,3.893955610776556053e-02,3.774177237586384681e-02,3.635643025170229303e-02,3.534275049118908857e-02,3.754937193352583802e-02,3.632232510108820284e-02,3.682922763571955943e-02,3.744552246916031668e-02,3.839151523018904250e-02,3.816124808375965377e-02,3.799646721210592909e-02,3.759432090361929796e-02,3.850880402312811812e-02,3.817366885403648824e-02,3.801045331989491571e-02,3.818578703916002126e-02,3.792643782717021461e-02,3.777207586293425401e-02,3.775727041785810478e-02,3.753283382832600656e-02,3.720506231971577177e-02,3.742328980053095250e-02,3.704120619735903203e-02,3.731295010512122867e-02,3.733046402761264204e-02,3.682038532241623668e-02,3.674985752485709911e-02,3.639969772720000329e-02,3.616777722912686149e-02,3.619599962321388281e-02,3.623145780394743110e-02,3.614782794722404269e-02,3.611948646636600063e-02,3.619010549750487082e-02,3.617546784507195273e-02
1.106653063725803327e-01,-3.059185183679721896e-03,2.080891798244864643e-02,2.537193770538528209e-02,3.915916965104270127e-03,9.576869433682407701e-03,2.578638556091099321e-02,3.011045818689588732e-02,4.244101148377656119e-02,3.909469301984037221e-02,4.003251422143440375e-02,3.853449459847056724e-02,3.847242628285325178e-02,3.849611979703301823e-02,4.057732342827745364e-02,3.877306594215785412e-02,3.758040346051742114e-02,3.620098451223981162e-02,3.519163884610466975e-02,3.738882564649671086e-02,3.616702518178261522e-02,3.667176040133959813e-02,3.728542020143312680e-02,3.822736827096565732e-02,3.799808565592760479e-02,3.783400932221234192e-02,3.743358243254357037e-02,3.834415558334065832e-02,3.801045331989491571e-02,3.784793563092744839e-02,3.802251969244453689e-02,3.776427935527397473e-02,3.761057738184305638e-02,3.759583523900351248e-02,3.737235825170358294e-02,3.704598816463555017e-02,3.726328259091571393e-02,3.688283262635507626e-02,3.715341466447262542e-02,3.717085370434718844e-02,3.666295589427696205e-02,3.659272964572975878e-02,3.624406699309785235e-02,3.601313809549498701e-02,3.604123982176830887e-02,3.607654639732287005e-02,3.599327410884319706e-02,3.596505380496638205e-02,3.603537089701387003e-02,3.602079582940245772e-02
1.111757806780722252e-01,-3.073296520675944735e-03,2.090490486671559012e-02,2.548897277901109037e-02,3.933980214180733161e-03,9.621045390296087060e-03,2.590533238979381495e-02,3.024935099562560403e-02,4.263678237685727263e-02,3.927502809432686925e-02,4.021717525535869336e-02,3.871224560294039829e-02,3.864989098006579860e-02,3.867369378712697675e-02,4.076449754521407204e-02,3.895191742287428677e-02,3.775375345597150462e-02,3.636797155662390563e-02,3.535397000469432671e-02,3.756129193634544922e-02,3.633385557937109100e-02,3.684091902960050235e-02,3.745740950509299227e-02,3.840370257038230872e-02,3.817336232592508788e-02,3.800852914478221323e-02,3.760625517543569191e-02,3.852102859650684968e-02,3.818578703916002126e-02,3.802251969244453689e-02,3.819790907118715551e-02,3.793847752910259330e-02,3.778406656284738485e-02,3.776925641780055215e-02,3.754474858114390662e-02,3.721687302186408447e-02,3.743516977872970997e-02,3.705296488357899543e-02,3.732479505611654980e-02,3.734231453838116055e-02,3.683207390931619168e-02,3.676152372279239272e-02,3.641125276732992688e-02,3.617925864637475120e-02,3.620748999962631470e-02,3.624295943651655721e-02,3.615930303159613918e-02,3.613095255376897602e-02,3.620159400283457646e-02,3.618695170369641556e-02
