5.114857872699948294e-01,4.606784952351375417e-01,2.754379550372709762e-01,-7.166093636956067936e-01,1.478273496602468817e-01,-3.087501649285657179e-01,1.469295651043866224e-01,6.976921471577503253e-02,-1.007339544740651349e-03,7.577099610352701353e-02,-5.144647576239626263e-02,-3.824469251687900861e-01,-3.757264555408600382e-01,-1.654637523665398180e-01,-2.703189029036969782e-01,-1.799018489906591689e-01,-4.789793891383561930e-02,-1.039907374290653524e-01,-7.721622227811478223e-02,-1.401405617898238976e-01,-4.864277361147335138e-02,-1.022893130656595262e-01,-1.955038659734086026e-01,-1.836354150978412826e-03,-2.474624885333248370e-01,-1.242635924646948685e-02,4.358991384452791384e-02,-9.264563995150039422e-02,-6.940535968471774064e-02,-1.434219071444657878e-01,-4.564772462227049965e-02,-1.553092870083285504e-01,-1.768803083536364951e-01,-1.446367569644957940e-01,-9.374680514044168855e-02,-5.691011981029432676e-02,-1.679601225569128387e-01,-7.461331654796379831e-02,-1.693136623400920970e-01,-2.812315042581132185e-01,-1.183879658092621551e-01,-6.507117927977830452e-02,-1.458955567569127643e-01,-1.144990389738970993e-01,-5.883389977062962461e-02,-1.382644697745572249e-01,-6.460708057752286015e-02,-1.671155357699670718e-01,-8.439332989201665802e-02,-9.072789680043141791e-02
4.606784952351375417e-01,4.149180314566247030e-01,2.480779443246423910e-01,-6.454265818425156676e-01,1.331432518576164126e-01,-2.780811606556148896e-01,1.323346467144577432e-01,6.283884645270425284e-02,-9.072777332461826917e-04,6.824445436450500557e-02,-4.633615562588601355e-02,-3.444574187181878022e-01,-3.384045118485882742e-01,-1.490277821071468167e-01,-2.434673817389051698e-01,-1.620317028267432846e-01,-4.314010471622845011e-02,-9.366105105854180546e-02,-6.954612224258341358e-02,-1.262200137980831194e-01,-4.381095293185146428e-02,-9.212863386338615568e-02,-1.760839284899598511e-01,-1.653944035291370161e-03,-2.228813579613635187e-01,-1.119201475659564043e-02,3.926000764264873932e-02,-8.344289336122683032e-02,-6.251113414404807500e-02,-1.291754140808388795e-01,-4.111341040801008012e-02,-1.398819877614122242e-01,-1.593103001434246768e-01,-1.302695895221835931e-01,-8.443467677901113355e-02,-5.125708086199166208e-02,-1.512761809707578453e-01,-6.720177030779204974e-02,-1.524952699192218264e-01,-2.532960043442067377e-01,-1.066281630894468785e-01,-5.860747981636504900e-02,-1.314033492641077383e-01,-1.031255340679104876e-01,-5.298976646019901149e-02,-1.245302791700124700e-01,-5.818948131647151689e-02,-1.505154893156063489e-01,-7.601030798928878895e-02,-8.171564491939349584e-02
2.754379550372709762e-01,2.480779443246423910e-01,1.483248781555416007e-01,-3.858981473373490623e-01,7.960585396971037175e-02,-1.662636893573222752e-01,7.912239196883982806e-02,3.757111205071488047e-02,-5.424579746632767234e-04,4.080310487078269571e-02,-2.770421472217529310e-02,-2.059498066232236524e-01,-2.023307961692138446e-01,-8.910315539339670743e-02,-1.455682399722484366e-01,-9.687815111713733718e-02,-2.579330779715842750e-02,-5.599959328910854989e-02,-4.158136724287960634e-02,-7.546647574155820881e-02,-2.619440544456937137e-02,-5.508336676049162273e-02,-1.052799244589193023e-01,-9.888869733201289397e-04,-1.332599330938455118e-01,-6.691663902675129560e-03,2.347341222064042512e-02,-4.989019489194589790e-02,-3.737517408297703209e-02,-7.723349855382095897e-02,-2.458155482515043261e-02,-8.363491904671266353e-02,-9.525103459731025513e-02,-7.788770197145958307e-02,-5.048317850038377269e-02,-3.064641757718877466e-02,-9.044746469263045818e-02,-4.017968796007095195e-02,-9.117635343053691332e-02,-1.514447367899598162e-01,-6.375258123509236485e-02,-3.504119371204463679e-02,-7.856557269485828221e-02,-6.165837239980894585e-02,-3.168238383745269199e-02,-7.445618970623167632e-02,-3.479127396712505121e-02,-8.999264998763217838e-02,-4.544627980439322479e-02,-4.885747948721017725e-02
-7.166093636956067936e-01,-6.454265818425156676e-01,-3.858981473373490623e-01,1.003994622953523264e+00,-2.071112543366094016e-01,4.325697110985028959e-01,-2.058534269730285526e-01,-9.774909451515437220e-02,1.411317710380408401e-03,-1.061577988200648331e-01,7.207830046900415288e-02,5.358214333878971170e-01,5.264058218818341572e-01,2.318204674482628180e-01,3.787261773951484667e-01,2.520487425876550835e-01,6.710667702142100732e-02,1.456946371413876118e-01,1.081826109167906974e-01,1.963417973902341074e-01,6.815021631814631442e-02,1.433108824784404267e-01,2.739077105993577566e-01,2.572795984569102579e-03,3.467035465303928699e-01,1.740976115914039113e-02,-6.107098418197953738e-02,1.297997612977106197e-01,9.723932097154451559e-02,2.009390762690994869e-01,6.395404859695656696e-02,2.175937085819866224e-01,2.478154591472006840e-01,2.026411230867906921e-01,1.313425319963507643e-01,7.973305565882368717e-02,2.353179688416449644e-01,1.045358495297366297e-01,2.372143251176194734e-01,3.940151111396986150e-01,1.658656544507456643e-01,9.116698359790390005e-02,2.044047453431948325e-01,1.604171328020320697e-01,8.242833824062117953e-02,1.937133272767823100e-01,9.051676518716310349e-02,2.341346734011012787e-01,1.182379881107972208e-01,1.271129364954932672e-01
1.478273496602468817e-01,1.331432518576164126e-01,7.960585396971037175e-02,-2.071112543366094016e-01,4.272440378883336776e-02,-8.923360086340187403e-02,4.246493008543502506e-02,2.016438844637008856e-02,-2.911367995223716472e-04,2.189899663661354703e-02,-1.486883184361211495e-02,-1.105331110668170830e-01,-1.085907907945922457e-01,-4.782159853891104068e-02,-7.812636826646687793e-02,-5.199443307547589599e-02,-1.384324949010371127e-02,-3.005494089171760128e-02,-2.231668948432511540e-02,-4.050280251160089107e-02,-1.405851830504863467e-02,-2.956320278178451236e-02,-5.650365870269100088e-02,-5.307349176320977401e-04,-7.152050893820929844e-02,-3.591411138002959837e-03,1.259816322550830203e-02,-2.677603122602197766e-02,-2.005922868193396255e-02,-4.145116236669315474e-02,-1.319290255345649879e-02,-4.488680007826740398e-02,-5.112116082553513907e-02,-4.180227286399271214e-02,-2.709428509635524937e-02,-1.644790997088249954e-02,-4.854308835973991654e-02,-2.156440923513727043e-02,-4.893428241397743822e-02,-8.128027982426731801e-02,-3.421596387000495898e-02,-1.880658311844480082e-02,-4.216608558703831278e-02,-3.309200351489314379e-02,-1.700391230749418933e-02,-3.996058273299128716e-02,-1.867245137355058593e-02,-4.829898963915049692e-02,-2.439098523837205518e-02,-2.622177362120205191e-02
-3.087501649285657179e-01,-2.780811606556148896e-01,-1.662636893573222752e-01,4.325697110985028959e-01,-8.923360086340187403e-02,1.863720688158563010e-01,-8.869166766292722881e-02,-4.211506377411956825e-02,6.080643066110474892e-04,-4.573794253136635735e-02,3.105483724467306139e-02,2.308579322458390870e-01,2.268012288971571200e-01,9.987953156145236433e-02,1.631736559099523087e-01,1.085948562584391763e-01,2.891282007720516467e-02,6.277233528547479513e-02,4.661033005584546557e-02,8.459359505711894212e-02,2.936242755695098183e-02,6.174529784691920598e-02,1.180127627507247673e-01,1.108485633604812262e-03,1.493767491685278892e-01,7.500971800774235490e-03,-2.631235006656332601e-02,5.592404975241110215e-02,4.189542853958364010e-02,8.657432637878675896e-02,2.755451442935248282e-02,9.374995194821859890e-02,1.067709518739222985e-01,8.730765092393023841e-02,5.658875039935113566e-02,3.435287805613568279e-02,1.013864252566118451e-01,4.503912789641327519e-02,1.022034677662864849e-01,1.697608721177738811e-01,7.146299052464614998e-02,3.927917028146599154e-02,8.806750516268663231e-02,6.911550241901859293e-02,3.551413687274924263e-02,8.346112230117701258e-02,3.899902456787870259e-02,1.008766040333124586e-01,5.094267557678267000e-02,5.476643495856967081e-02
1.469295651043866224e-01,1.323346467144577432e-01,7.912239196883982806e-02,-2.058534269730285526e-01,4.246493008543502506e-02,-8.869166766292722881e-02,4.220703221684706657e-02,2.004192615121869539e-02,-2.893686685042988179e-04,2.176599972491645441e-02,-1.477853050476269844e-02,-1.098618217536077857e-01,-1.079312975742363900e-01,-4.753116856973794296e-02,-7.765189147312377693e-02,-5.167866066182474905e-02,-1.375917671450630105e-02,-2.987241132718236256e-02,-2.218115584184976799e-02,-4.025682102950332159e-02,-1.397313815961854708e-02,-2.938365963946169140e-02,-5.616050087533725615e-02,-5.275116601401595891e-04,-7.108615082721272960e-02,-3.569599792126471743e-03,1.252165210356721674e-02,-2.661341512448701235e-02,-1.993740504270542085e-02,-4.119942130875740849e-02,-1.311277946265703570e-02,-4.461419371709759302e-02,-5.081069196593467063e-02,-4.154839944298207438e-02,-2.692973617650040730e-02,-1.634801858013542122e-02,-4.824827664104671537e-02,-2.143344433850572980e-02,-4.863709489688852056e-02,-8.078664870600693604e-02,-3.400816359490718005e-02,-1.869236704198082299e-02,-4.191000265983895606e-02,-3.289102927199086951e-02,-1.690064420525222780e-02,-3.971789425820421854e-02,-1.855904990554233663e-02,-4.800566037997480023e-02,-2.424285398999643723e-02,-2.606252363506304792e-02
6.976921471577503253e-02,6.283884645270425284e-02,3.757111205071488047e-02,-9.774909451515437220e-02,2.016438844637008856e-02,-4.211506377411956825e-02,2.004192615121869539e-02,9.516869174482581878e-03,-1.374061425319749569e-04,1.033554211660722179e-02,-7.017556114304621638e-03,-5.216766976440735670e-02,-5.125096415863714117e-02,-2.257008181626142529e-02,-3.687284778543632735e-02,-2.453951027063144830e-02,-6.533517973899047315e-03,-1.418485570608883119e-02,-1.053267818137622151e-02,-1.911587220847272076e-02,-6.635117144864539906e-03,-1.395277292942610770e-02,-2.666770327219761608e-02,-2.504878732557731151e-04,-3.375511876631582392e-02,-1.695017433484665532e-03,5.945881848825608842e-03,-1.263732777553127316e-02,-9.467237531885741922e-03,-1.956346409529073974e-02,-6.226577511481434096e-03,-2.118496205040783925e-02,-2.412735704423957933e-02,-1.972917567526122351e-02,-1.278753220430872001e-02,-7.762824436896663578e-03,-2.291059917208451702e-02,-1.017762884610326837e-02,-2.309522875536773948e-02,-3.836138108577961253e-02,-1.614870952797380771e-02,-8.876033688464892921e-03,-1.990088225086362322e-02,-1.561824049414436283e-02,-8.025237626977455366e-03,-1.885996389215719229e-02,-8.812728308700988958e-03,-2.279539331817594799e-02,-1.151167148796488314e-02,-1.237573803637003617e-02
-1.007339544740651349e-03,-9.072777332461826917e-04,-5.424579746632767234e-04,1.411317710380408401e-03,-2.911367995223716472e-04,6.080643066110474892e-04,-2.893686685042988179e-04,-1.374061425319749569e-04,1.983892776013035225e-06,-1.492262788509930748e-04,1.013206442149804727e-04,7.532055065366357249e-04,7.399699582889009662e-04,3.258706011551460845e-04,5.323763188791442134e-04,3.543055372613688201e-04,9.433202090913316658e-05,2.048033097031924643e-04,1.520725621945168821e-04,2.759981474099856488e-04,9.579892666467794101e-05,2.014524599116605352e-04,3.850327423481883960e-04,3.616585642198317976e-06,4.873620279266147699e-04,2.447294407325275551e-05,-8.584763264253028831e-05,1.824598436430964856e-04,1.366895526081513554e-04,2.824605536350467726e-04,8.990036338032447759e-05,3.058720112322063558e-04,3.483548003191751273e-04,2.848531250321299454e-04,1.846285202079581394e-04,1.120809524089004137e-04,3.307870474644286846e-04,1.469463007450883506e-04,3.334527601448421231e-04,5.538680106404430658e-04,2.331577583369312046e-04,1.281536530297124087e-04,2.873322531748300109e-04,2.254987580570297476e-04,1.158697177620265022e-04,2.723033005079085944e-04,1.272396394107994468e-04,3.291236861538507645e-04,1.662074306430236042e-04,1.786829674115249602e-04
7.577099610352701353e-02,6.824445436450500557e-02,4.080310487078269571e-02,-1.061577988200648331e-01,2.189899663661354703e-02,-4.573794253136635735e-02,2.176599972491645441e-02,1.033554211660722179e-02,-1.492262788509930748e-04,1.122464004555049320e-02,-7.621229781063330530e-03,-5.665530733794110763e-02,-5.565974364748214887e-02,-2.451163580274012127e-02,-4.004477357611075511e-02,-2.665048108500624527e-02,-7.095553059603279880e-03,-1.540508447477405285e-02,-1.143873441448267810e-02,-2.076028352224290260e-02,-7.205892131337221680e-03,-1.515303716081412358e-02,-2.896174837224954959e-02,-2.720356785691711832e-04,-3.665884707081785987e-02,-1.840828506830540293e-03,6.457366508061607516e-03,-1.372443301160275117e-02,-1.028164099398258188e-02,-2.124637876138548223e-02,-6.762208551189305590e-03,-2.300736339822788412e-02,-2.620287305848298387e-02,-2.142634540615008173e-02,-1.388755852812180100e-02,-8.430608579395083152e-03,-2.488144560132192484e-02,-1.105314254693595330e-02,-2.508195763936841433e-02,-4.166135549350485912e-02,-1.753787557600879413e-02,-9.639579817019183761e-03,-2.161282275613761461e-02,-1.696177382025498490e-02,-8.715595430460059551e-03,-2.048236111595790401e-02,-9.570828696586295564e-03,-2.475632935423240782e-02,-1.250194400228011975e-02,-1.344034044746172073e-02
-5.144647576239626263e-02,-4.633615562588601355e-02,-2.770421472217529310e-02,7.207830046900415288e-02,-1.486883184361211495e-02,3.105483724467306139e-02,-1.477853050476269844e-02,-7.017556114304621638e-03,1.013206442149804727e-04,-7.621229781063330530e-03,5.174610779504800612e-03,3.846743537316146822e-02,3.779147430751601117e-02,1.664274382112341036e-02,2.718932809566340300e-02,1.809496244872695059e-02,4.817690373278387707e-03,1.045963951650144552e-02,7.766594120039262313e-03,1.409567615540198091e-02,4.892607646001725409e-03,1.028850614495509588e-02,1.966425099696166370e-02,1.847049354464596856e-04,2.489037473823611443e-02,1.249873223653928363e-03,-4.384378807584844891e-03,9.318522212896930210e-03,6.980958696542194364e-03,1.442572179588159226e-02,4.591358385386608287e-03,1.562138317155463245e-02,1.779104859419478393e-02,1.454791432473873623e-02,9.429280067001980306e-03,5.724157292976479565e-03,1.689383476380346139e-02,7.504787575476731115e-03,1.702997706410161460e-02,2.828694389468871390e-02,1.190774751743110295e-02,6.545016364023647018e-03,1.467452744796149573e-02,1.151658986426298305e-02,5.917655727468260941e-03,1.390697428959532765e-02,6.498336195715582152e-03,1.680888418502833950e-02,8.488484937130108890e-03,9.125630975260498254e-03
-3.824469251687900861e-01,-3.444574187181878022e-01,-2.059498066232236524e-01,5.358214333878971170e-01,-1.105331110668170830e-01,2.308579322458390870e-01,-1.098618217536077857e-01,-5.216766976440735670e-02,7.532055065366357249e-04,-5.665530733794110763e-02,3.846743537316146822e-02,2.859622969227361700e-01,2.809372835032798998e-01,1.237201597667635239e-01,2.021222012488649855e-01,1.345157787196505084e-01,3.581413191809595942e-02,7.775570458771553783e-02,5.773592838431347574e-02,1.047855644904807787e-01,3.637105793043169527e-02,7.648351964653637980e-02,1.461816814094046291e-01,1.373074318078578403e-03,1.850320579567338031e-01,9.291407509523565492e-03,-3.259294575356812274e-02,6.927277553274915900e-02,5.189560895392467121e-02,1.072390841630377900e-01,3.413160708906225888e-02,1.161274873022774545e-01,1.322565196069593607e-01,1.081474487545376617e-01,7.009613612476338351e-02,4.255269818659773717e-02,1.255867396936225788e-01,5.578968995936387648e-02,1.265988052114802864e-01,2.102817453407232196e-01,8.852076563535014875e-02,4.865486598461725432e-02,1.090886755139033049e-01,8.561294659636962956e-02,4.399114232100556632e-02,1.033827774718963921e-01,4.830785121691546363e-02,1.249552272884974780e-01,6.310237806259776094e-02,6.783884522687694263e-02
-3.757264555408600382e-01,-3.384045118485882742e-01,-2.023307961692138446e-01,5.264058218818341572e-01,-1.085907907945922457e-01,2.268012288971571200e-01,-1.079312975742363900e-01,-5.125096415863714117e-02,7.399699582889009662e-04,-5.565974364748214887e-02,3.779147430751601117e-02,2.809372835032798998e-01,2.760005710946125679e-01,1.215461128040163236e-01,1.985704506000032510e-01,1.321520279718480517e-01,3.518479547958230230e-02,7.638935852322684128e-02,5.672137570363518233e-02,1.029442417937606880e-01,3.573193502455608572e-02,7.513952878925611589e-02,1.436129339952688100e-01,1.348946253125590756e-03,1.817806203222359085e-01,9.128136169478330911e-03,-3.202021294384537614e-02,6.805549398759237756e-02,5.098368408057436102e-02,1.053546474984560638e-01,3.353183647071232565e-02,1.140868610087377999e-01,1.299324692234398171e-01,1.062470500407231982e-01,6.886438624560364818e-02,4.180494968365641717e-02,1.233798926405061669e-01,5.480933715156446201e-02,1.243741738460156371e-01,2.065866127880245651e-01,8.696525275828702328e-02,4.779988839797248701e-02,1.071717372871960616e-01,8.410853076898509861e-02,4.321811705551041605e-02,1.015661049604243971e-01,4.745897147562670726e-02,1.227594773567314418e-01,6.199352455296990028e-02,6.664676112595172008e-02
-1.654637523665398180e-01,-1.490277821071468167e-01,-8.910315539339670743e-02,2.318204674482628180e-01,-4.782159853891104068e-02,9.987953156145236433e-02,-4.753116856973794296e-02,-2.257008181626142529e-02,3.258706011551460845e-04,-2.451163580274012127e-02,1.664274382112341036e-02,1.237201597667635239e-01,1.215461128040163236e-01,5.352690930738050051e-02,8.744716104191810335e-02,5.819757993775814126e-02,1.549480533096982311e-02,3.364061730476522460e-02,2.497916110220518848e-02,4.533495121392001892e-02,1.573575658911094757e-02,3.309021284281620651e-02,6.324477448099441457e-02,5.940537470582002259e-04,8.005319588884601822e-02,4.019881060918190085e-03,-1.410117522237707560e-02,2.997052040994965458e-02,2.245237606518392035e-02,4.639645424822288339e-02,1.476686936563566602e-02,5.024197748080198173e-02,5.722012276461115737e-02,4.678945365267678930e-02,3.032674325850620925e-02,1.841021237696668922e-02,5.433447579168053376e-02,2.413713076649291744e-02,5.477234088407719609e-02,9.097734704731792743e-02,3.829806721003103237e-02,2.105028480266336530e-02,4.719667070995503533e-02,3.704001382345893656e-02,1.903254804862528418e-02,4.472804241536316311e-02,2.090015059628879887e-02,5.406125510315817895e-02,2.730092875732064578e-02,2.935013762366579446e-02
-2.703189029036969782e-01,-2.434673817389051698e-01,-1.455682399722484366e-01,3.787261773951484667e-01,-7.812636826646687793e-02,1.631736559099523087e-01,-7.765189147312377693e-02,-3.687284778543632735e-02,5.323763188791442134e-04,-4.004477357611075511e-02,2.718932809566340300e-02,2.021222012488649855e-01,1.985704506000032510e-01,8.744716104191810335e-02,1.428628342872933776e-01,9.507765740484054595e-02,2.531393563767135590e-02,5.495883317503167526e-02,4.080857183538894040e-02,7.406392094984166896e-02,2.570757883034869434e-02,5.405963484198632318e-02,1.033232826378934210e-01,9.705083734283726686e-04,1.307832789786516903e-01,6.567298412183838335e-03,-2.303715563830421170e-02,4.896297878416085853e-02,3.668055135167554159e-02,7.579810340102932642e-02,2.412470326067672408e-02,8.208055261696906024e-02,9.348078106847336477e-02,7.644014835851585532e-02,4.954494171098826338e-02,3.007684970748997211e-02,8.876648616863470898e-02,3.943294295410217781e-02,8.948182840947921379e-02,1.486301156064773754e-01,6.256773077776124625e-02,3.438994832572801752e-02,7.710542076164146608e-02,6.051244310062037224e-02,3.109356239286379525e-02,7.307241121890641067e-02,3.414467337351034110e-02,8.832012425724498905e-02,4.460165446739496053e-02,4.794945653671966318e-02
-1.799018489906591689e-01,-1.620317028267432846e-01,-9.687815111713733718e-02,2.520487425876550835e-01,-5.199443307547589599e-02,1.085948562584391763e-01,-5.167866066182474905e-02,-2.453951027063144830e-02,3.543055372613688201e-04,-2.665048108500624527e-02,1.809496244872695059e-02,1.345157787196505084e-01,1.321520279718480517e-01,5.819757993775814126e-02,9.507765740484054595e-02,6.327580565434884341e-02,1.684685672192888159e-02,3.657604259395701163e-02,2.715880187805438939e-02,4.929080496868280814e-02,1.710883299308339073e-02,3.597761073815070737e-02,6.876341014510348182e-02,6.458899062004553552e-04,8.703850693601911104e-02,4.370649312845850676e-03,-1.533162072758541446e-02,3.258569904191670891e-02,2.441153370807408116e-02,5.044493302300902954e-02,1.605540225388115902e-02,5.462601032835765619e-02,6.221305716567151339e-02,5.087222491324063650e-02,3.297300531408451502e-02,2.001665742228631722e-02,5.907561335372157885e-02,2.624329735132666791e-02,5.955168583850357911e-02,9.891588167190186465e-02,4.163989396656788550e-02,2.288709825333859818e-02,5.131497506544613341e-02,4.027206489744421941e-02,2.069329708760840256e-02,4.863093830019853125e-02,2.272386358147129512e-02,5.877855187442678625e-02,2.968316318443078514e-02,3.191118266755538224e-02
-4.789793891383561930e-02,-4.314010471622845011e-02,-2.579330779715842750e-02,6.710667702142100732e-02,-1.384324949010371127e-02,2.891282007720516467e-02,-1.375917671450630105e-02,-6.533517973899047315e-03,9.433202090913316658e-05,-7.095553059603279880e-03,4.817690373278387707e-03,3.581413191809595942e-02,3.518479547958230230e-02,1.549480533096982311e-02,2.531393563767135590e-02,1.684685672192888159e-02,4.485388664343250426e-03,9.738182590697893118e-03,7.230890847572938283e-03,1.312342245868934262e-02,4.555138494614712277e-03,9.578853197285167390e-03,1.830790309891830100e-02,1.719648544238087050e-04,2.317355331122438952e-02,1.163662824896029291e-03,-4.081964900194657089e-03,8.675774212055975890e-03,6.499444874538686315e-03,1.343070309729873547e-02,4.274667996510635518e-03,1.454389335348115798e-02,1.656390542111118094e-02,1.354446735804148462e-02,8.778892508334433520e-03,5.329331743119621045e-03,1.572857719689591330e-02,6.987142491774735523e-03,1.585532903920677805e-02,2.633584304169643911e-02,1.108640688675091059e-02,6.093571801534368275e-03,1.366234730126300069e-02,1.072222945575153352e-02,5.509483562226102395e-03,1.294773636343423025e-02,6.050111412518964678e-03,1.564948611101378562e-02,7.902989018479132308e-03,8.496187708210790890e-03
-1.039907374290653524e-01,-9.366105105854180546e-02,-5.599959328910854989e-02,1.456946371413876118e-01,-3.005494089171760128e-02,6.277233528547479513e-02,-2.987241132718236256e-02,-1.418485570608883119e-02,2.048033097031924643e-04,-1.540508447477405285e-02,1.045963951650144552e-02,7.775570458771553783e-02,7.638935852322684128e-02,3.364061730476522460e-02,5.495883317503167526e-02,3.657604259395701163e-02,9.738182590697893118e-03,2.114247109144498302e-02,1.569891499634000834e-02,2.849213160355978589e-02,9.889615751496954113e-03,2.079655263460022593e-02,3.974810581017383659e-02,3.733511802164014913e-04,5.031187045482451298e-02,2.526416752449698114e-03,-8.862313280210608324e-03,1.883588685731866011e-02,1.411087993992183459e-02,2.915926553314582281e-02,9.280689050550454400e-03,3.157610179508835158e-02,3.596172984698283587e-02,2.940625798492965334e-02,1.905976596183963159e-02,1.157045899131700292e-02,3.414815707117515448e-02,1.516971537227742098e-02,3.442334673175929255e-02,5.717748614713432515e-02,2.406958741305847971e-02,1.322969295940787729e-02,2.966218595389191401e-02,2.327892542501812032e-02,1.196158480889695196e-02,2.811070127449112957e-02,1.313533654230192825e-02,3.397644320349116343e-02,1.715810063150892059e-02,1.844598839006381108e-02
-7.721622227811478223e-02,-6.954612224258341358e-02,-4.158136724287960634e-02,1.081826109167906974e-01,-2.231668948432511540e-02,4.661033005584546557e-02,-2.218115584184976799e-02,-1.053267818137622151e-02,1.520725621945168821e-04,-1.143873441448267810e-02,7.766594120039262313e-03,5.773592838431347574e-02,5.672137570363518233e-02,2.497916110220518848e-02,4.080857183538894040e-02,2.715880187805438939e-02,7.230890847572938283e-03,1.569891499634000834e-02,1.165691233519233587e-02,2.115625700393236261e-02,7.343334483358477348e-03,1.544206023105822168e-02,2.951415336838031367e-02,2.772243800949187155e-04,3.735806349981353469e-02,1.875939745666069768e-03,-6.580531776782677818e-03,1.398620744825699973e-02,1.047774896994094034e-02,2.165162383245713626e-02,6.891188257129071855e-03,2.344619679756617184e-02,2.670265635210329266e-02,2.183502309021265533e-02,1.415244435671153718e-02,8.591410691195084520e-03,2.535602450741766128e-02,1.126396584003941902e-02,2.556036103320503960e-02,4.245598780038040837e-02,1.787238611609017272e-02,9.823441370647681414e-03,2.202505723582168923e-02,1.728529602206115012e-02,8.881833269355626781e-03,2.087303361499302096e-02,9.753378918387569166e-03,2.522852184224665464e-02,1.274040116444578874e-02,1.369669621429759655e-02
-1.401405617898238976e-01,-1.262200137980831194e-01,-7.546647574155820881e-02,1.963417973902341074e-01,-4.050280251160089107e-02,8.459359505711894212e-02,-4.025682102950332159e-02,-1.911587220847272076e-02,2.759981474099856488e-04,-2.076028352224290260e-02,1.409567615540198091e-02,1.047855644904807787e-01,1.029442417937606880e-01,4.533495121392001892e-02,7.406392094984166896e-02,4.929080496868280814e-02,1.312342245868934262e-02,2.849213160355978589e-02,2.115625700393236261e-02,3.839672097946312396e-02,1.332749763646640627e-02,2.802596309592004023e-02,5.356555801057492211e-02,5.031375431500348947e-04,6.780155583611839620e-02,3.404663451348544957e-03,-1.194307870634441979e-02,2.538372004328526277e-02,1.901618058510527037e-02,3.929576762527608319e-02,1.250689253192352988e-02,4.255275762146374513e-02,4.846294149157023140e-02,3.962862093323937102e-02,2.568542521680558521e-02,1.559264472295248879e-02,4.601892470765420878e-02,2.044309413530964736e-02,4.638977729112871151e-02,7.705383410570619540e-02,3.243678798235394289e-02,1.782867060542716806e-02,3.997351597134393003e-02,3.137127178418861601e-02,1.611973581934525446e-02,3.788269576990237891e-02,1.770151349866340429e-02,4.578751873362953140e-02,2.312269266660583328e-02,2.485828295539688551e-02
-4.864277361147335138e-02,-4.381095293185146428e-02,-2.619440544456937137e-02,6.815021631814631442e-02,-1.405851830504863467e-02,2.936242755695098183e-02,-1.397313815961854708e-02,-6.635117144864539906e-03,9.579892666467794101e-05,-7.205892131337221680e-03,4.892607646001725409e-03,3.637105793043169527e-02,3.573193502455608572e-02,1.573575658911094757e-02,2.570757883034869434e-02,1.710883299308339073e-02,4.555138494614712277e-03,9.889615751496954113e-03,7.343334483358477348e-03,1.332749763646640627e-02,4.625972966416085942e-03,9.727808713674918756e-03,1.859259930460658780e-02,1.746389859888334032e-04,2.353391258690900115e-02,1.181758310171351261e-03,-4.145441307763498423e-03,8.810686440192477820e-03,6.600514193338633331e-03,1.363955662852346651e-02,4.341141024721950799e-03,1.477005749862123941e-02,1.682148167106689227e-02,1.375508997517418605e-02,8.915408272797789233e-03,5.412205271449111246e-03,1.597316371369367563e-02,7.095795729956355137e-03,1.610188660470257549e-02,2.674537735849208051e-02,1.125880554749985121e-02,6.188329609766879576e-03,1.387480300503481957e-02,1.088896499209780766e-02,5.595158533138620306e-03,1.314907954266167356e-02,6.144193391969549750e-03,1.589284272551564833e-02,8.025884085981054364e-03,8.628307284673149627e-03
-1.022893130656595262e-01,-9.212863386338615568e-02,-5.508336676049162273e-02,1.433108824784404267e-01,-2.956320278178451236e-02,6.174529784691920598e-02,-2.938365963946169140e-02,-1.395277292942610770e-02,2.014524599116605352e-04,-1.515303716081412358e-02,1.028850614495509588e-02,7.648351964653637980e-02,7.513952878925611589e-02,3.309021284281620651e-02,5.405963484198632318e-02,3.597761073815070737e-02,9.578853197285167390e-03,2.079655263460022593e-02,1.544206023105822168e-02,2.802596309592004023e-02,9.727808713674918756e-03,2.045629385576889364e-02,3.909777485477682751e-02,3.672426669984838886e-04,4.948870250471024829e-02,2.485081272761734735e-03,-8.717314253336874361e-03,1.852770713287681115e-02,1.388000750346781755e-02,2.868218184258181785e-02,9.128844849324520977e-03,3.105947550486506947e-02,3.537334895052433870e-02,2.892513317507529325e-02,1.874792328267386662e-02,1.138115116150136864e-02,3.358944859537510430e-02,1.492151900442348182e-02,3.386013579348379904e-02,5.624198775204501677e-02,2.367577750792480493e-02,1.301323789352386816e-02,2.917687382800859472e-02,2.289805178327592589e-02,1.176587764956745288e-02,2.765077346550233114e-02,1.292042527071046373e-02,3.342054419096859158e-02,1.687737168231630627e-02,1.814418791408040077e-02
-1.955038659734086026e-01,-1.760839284899598511e-01,-1.052799244589193023e-01,2.739077105993577566e-01,-5.650365870269100088e-02,1.180127627507247673e-01,-5.616050087533725615e-02,-2.666770327219761608e-02,3.850327423481883960e-04,-2.896174837224954959e-02,1.966425099696166370e-02,1.461816814094046291e-01,1.436129339952688100e-01,6.324477448099441457e-02,1.033232826378934210e-01,6.876341014510348182e-02,1.830790309891830100e-02,3.974810581017383659e-02,2.951415336838031367e-02,5.356555801057492211e-02,1.859259930460658780e-02,3.909777485477682751e-02,7.472692802385200173e-02,7.019048128957700592e-04,9.458693554299481276e-02,4.749694582181628912e-03,-1.666125801762394221e-02,3.541169906748116436e-02,2.652862792153125315e-02,5.481977800728448508e-02,1.744780961397984775e-02,5.936345991892361812e-02,6.760849462167067836e-02,5.528412685588200703e-02,3.583259453881439821e-02,2.175260527825646426e-02,6.419895548712500899e-02,2.851925156333739650e-02,6.471631543523477526e-02,1.074943775259874085e-01,4.525112051299470112e-02,2.487198555515286388e-02,5.576527458672605325e-02,4.376466624637725955e-02,2.248792662811255338e-02,5.284846429842298549e-02,2.469459432993730344e-02,6.387613130293988417e-02,3.225744031778728788e-02,3.467868515133901153e-02
-1.836354150978412826e-03,-1.653944035291370161e-03,-9.888869733201289397e-04,2.572795984569102579e-03,-5.307349176320977401e-04,1.108485633604812262e-03,-5.275116601401595891e-04,-2.504878732557731151e-04,3.616585642198317976e-06,-2.720356785691711832e-04,1.847049354464596856e-04,1.373074318078578403e-03,1.348946253125590756e-03,5.940537470582002259e-04,9.705083734283726686e-04,6.458899062004553552e-04,1.719648544238087050e-04,3.733511802164014913e-04,2.772243800949187155e-04,5.031375431500348947e-04,1.746389859888334032e-04,3.672426669984838886e-04,7.019048128957700592e-04,6.592942857345779120e-06,8.884484756753187025e-04,4.461354929449392454e-05,-1.564980322452946284e-04,3.326196147170400554e-04,2.491815482057596078e-04,5.149183439323086909e-04,1.638860564244319087e-04,5.575968306088822848e-04,6.350418653961132026e-04,5.192799402177744996e-04,3.365730564664540757e-04,2.043207012732627353e-04,6.030163025691581517e-04,2.678793369654123343e-04,6.078758284078359438e-04,1.009687176229727640e-03,4.250406127608956364e-04,2.336208222270777133e-04,5.237993272302537756e-04,4.110784517102583331e-04,2.112275233270792107e-04,4.964019320233987185e-04,2.319545988449988802e-04,5.999840375665477666e-04,3.029918827056033402e-04,3.257344662268511206e-04
-2.474624885333248370e-01,-2.228813579613635187e-01,-1.332599330938455118e-01,3.467035465303928699e-01,-7.152050893820929844e-02,1.493767491685278892e-01,-7.108615082721272960e-02,-3.375511876631582392e-02,4.873620279266147699e-04,-3.665884707081785987e-02,2.489037473823611443e-02,1.850320579567338031e-01,1.817806203222359085e-01,8.005319588884601822e-02,1.307832789786516903e-01,8.703850693601911104e-02,2.317355331122438952e-02,5.031187045482451298e-02,3.735806349981353469e-02,6.780155583611839620e-02,2.353391258690900115e-02,4.948870250471024829e-02,9.458693554299481276e-02,8.884484756753187025e-04,1.197250925738441163e-01,6.012010224083144325e-03,-2.108928307176216252e-02,4.482298664939950855e-02,3.357908167263377180e-02,6.938910705925509237e-02,2.208487471607522082e-02,7.514035308889135956e-02,8.557665211257797777e-02,6.997686485652067356e-02,4.535574256309946733e-02,2.753374623790117229e-02,8.126096743399004174e-02,3.609874888065537496e-02,8.191582497140535712e-02,1.360629163698471311e-01,5.727740899297670274e-02,3.148215719212545116e-02,7.058588613716992866e-02,5.539590312056528326e-02,2.846449228837487008e-02,6.689388174160784684e-02,3.125762110012943185e-02,8.085234699275392622e-02,4.083042764914205508e-02,4.389516127410571927e-02
-1.242635924646948685e-02,-1.119201475659564043e-02,-6.691663902675129560e-03,1.740976115914039113e-02,-3.591411138002959837e-03,7.500971800774235490e-03,-3.569599792126471743e-03,-1.695017433484665532e-03,2.447294407325275551e-05,-1.840828506830540293e-03,1.249873223653928363e-03,9.291407509523565492e-03,9.128136169478330911e-03,4.019881060918190085e-03,6.567298412183838335e-03,4.370649312845850676e-03,1.163662824896029291e-03,2.526416752449698114e-03,1.875939745666069768e-03,3.404663451348544957e-03,1.181758310171351261e-03,2.485081272761734735e-03,4.749694582181628912e-03,4.461354929449392454e-05,6.012010224083144325e-03,3.018938315891228305e-04,-1.059000938903561497e-03,2.250791778205783050e-03,1.686177709210654905e-03,3.484382530946360506e-03,1.108994695566822321e-03,3.773182056493331205e-03,4.297242093392395108e-03,3.513896860904127794e-03,2.277544181826815593e-03,1.382610448076910690e-03,4.080529457354224211e-03,1.812703107439661912e-03,4.113413209002456626e-03,6.832416052044825924e-03,2.876192125409097675e-03,1.580880388950300138e-03,3.544478939290776447e-03,2.781712077004612309e-03,1.429347975283427885e-03,3.359084485243604441e-03,1.569605281520971641e-03,4.060010531724961985e-03,2.050304937780085112e-03,2.204200913062023467e-03
4.358991384452791384e-02,3.926000764264873932e-02,2.347341222064042512e-02,-6.107098418197953738e-02,1.259816322550830203e-02,-2.631235006656332601e-02,1.252165210356721674e-02,5.945881848825608842e-03,-8.584763264253028831e-05,6.457366508061607516e-03,-4.384378807584844891e-03,-3.259294575356812274e-02,-3.202021294384537614e-02,-1.410117522237707560e-02,-2.303715563830421170e-02,-1.533162072758541446e-02,-4.081964900194657089e-03,-8.862313280210608324e-03,-6.580531776782677818e-03,-1.194307870634441979e-02,-4.145441307763498423e-03,-8.717314253336874361e-03,-1.666125801762394221e-02,-1.564980322452946284e-04,-2.108928307176216252e-02,-1.059000938903561497e-03,3.714825780624008734e-03,-7.895459784154937669e-03,-5.914873344092171602e-03,-1.222272198258576512e-02,-3.890196820724503828e-03,-1.323578994458819019e-02,-1.507411856560251714e-02,-1.232625408515244415e-02,-7.989303439069981444e-03,-4.850002250606030678e-03,-1.431392123454528452e-02,-6.358706577829906746e-03,-1.442927279269679182e-02,-2.396715088880269420e-02,-1.008927590617603870e-02,-5.545505210822401256e-03,-1.243353169845985359e-02,-9.757853235360415545e-03,-5.013950897496929730e-03,-1.178319412822855135e-02,-5.505953725815082578e-03,-1.424194374036370087e-02,-7.192180253297879473e-03,-7.732025607073981371e-03
-9.264563995150039422e-02,-8.344289336122683032e-02,-4.989019489194589790e-02,1.297997612977106197e-01,-2.677603122602197766e-02,5.592404975241110215e-02,-2.661341512448701235e-02,-1.263732777553127316e-02,1.824598436430964856e-04,-1.372443301160275117e-02,9.318522212896930210e-03,6.927277553274915900e-02,6.805549398759237756e-02,2.997052040994965458e-02,4.896297878416085853e-02,3.258569904191670891e-02,8.675774212055975890e-03,1.883588685731866011e-02,1.398620744825699973e-02,2.538372004328526277e-02,8.810686440192477820e-03,1.852770713287681115e-02,3.541169906748116436e-02,3.326196147170400554e-04,4.482298664939950855e-02,2.250791778205783050e-03,-7.895459784154937669e-03,1.678094448691368548e-02,1.257142255775033600e-02,2.597807153427291946e-02,8.268191932628940477e-03,2.813123774581535036e-02,3.203840609082454077e-02,2.619811780305018184e-02,1.698039900971900010e-02,1.030815440187032167e-02,3.042268901286897601e-02,1.351474201733997120e-02,3.066785625413672584e-02,5.093958294634366724e-02,2.144366300674117182e-02,1.178637060269204992e-02,2.642612474917042237e-02,2.073926002164558705e-02,1.065660949092047879e-02,2.504390269217168785e-02,1.170230820576685128e-02,3.026970864602677655e-02,1.528620002760066807e-02,1.643358284771399141e-02
-6.940535968471774064e-02,-6.251113414404807500e-02,-3.737517408297703209e-02,9.723932097154451559e-02,-2.005922868193396255e-02,4.189542853958364010e-02,-1.993740504270542085e-02,-9.467237531885741922e-03,1.366895526081513554e-04,-1.028164099398258188e-02,6.980958696542194364e-03,5.189560895392467121e-02,5.098368408057436102e-02,2.245237606518392035e-02,3.668055135167554159e-02,2.441153370807408116e-02,6.499444874538686315e-03,1.411087993992183459e-02,1.047774896994094034e-02,1.901618058510527037e-02,6.600514193338633331e-03,1.388000750346781755e-02,2.652862792153125315e-02,2.491815482057596078e-04,3.357908167263377180e-02,1.686177709210654905e-03,-5.914873344092171602e-03,1.257142255775033600e-02,9.417864724405840618e-03,1.946143822521369249e-02,6.194105144362954847e-03,2.107447986917356658e-02,2.400152991142139383e-02,1.962628559892472258e-02,1.272084365196811395e-02,7.722340353220517352e-03,2.279111758113867153e-02,1.012455126059555108e-02,2.297478429844960340e-02,3.816132176788124969e-02,1.606449202272073815e-02,8.829744081701578276e-03,1.979709670362844731e-02,1.553678945011027421e-02,7.983385026258128445e-03,1.876160686211653453e-02,8.766768847274874696e-03,2.267651253991980267e-02,1.145163670609383733e-02,1.231119704123448746e-02
-1.434219071444657878e-01,-1.291754140808388795e-01,-7.723349855382095897e-02,2.009390762690994869e-01,-4.145116236669315474e-02,8.657432637878675896e-02,-4.119942130875740849e-02,-1.956346409529073974e-02,2.824605536350467726e-04,-2.124637876138548223e-02,1.442572179588159226e-02,1.072390841630377900e-01,1.053546474984560638e-01,4.639645424822288339e-02,7.579810340102932642e-02,5.044493302300902954e-02,1.343070309729873547e-02,2.915926553314582281e-02,2.165162383245713626e-02,3.929576762527608319e-02,1.363955662852346651e-02,2.868218184258181785e-02,5.481977800728448508e-02,5.149183439323086909e-04,6.938910705925509237e-02,3.484382530946360506e-03,-1.222272198258576512e-02,2.597807153427291946e-02,1.946143822521369249e-02,4.021586515384027727e-02,1.279973732422716101e-02,4.354911650403963524e-02,4.959768539372610280e-02,4.055651211299136222e-02,2.628684103561506474e-02,1.595774139214535883e-02,4.709644275729339691e-02,2.092176248884493328e-02,4.747597873254650463e-02,7.885802439416364495e-02,3.319628474907222737e-02,1.824612308830162941e-02,4.090948275545081003e-02,3.210581983811078982e-02,1.649717415392401576e-02,3.876970668379008111e-02,1.811598863953049407e-02,4.685961848817889880e-02,2.366410294211329993e-02,2.544033150906572366e-02
-4.564772462227049965e-02,-4.111341040801008012e-02,-2.458155482515043261e-02,6.395404859695656696e-02,-1.319290255345649879e-02,2.755451442935248282e-02,-1.311277946265703570e-02,-6.226577511481434096e-03,8.990036338032447759e-05,-6.762208551189305590e-03,4.591358385386608287e-03,3.413160708906225888e-02,3.353183647071232565e-02,1.476686936563566602e-02,2.412470326067672408e-02,1.605540225388115902e-02,4.274667996510635518e-03,9.280689050550454400e-03,6.891188257129071855e-03,1.250689253192352988e-02,4.341141024721950799e-03,9.128844849324520977e-03,1.744780961397984775e-02,1.638860564244319087e-04,2.208487471607522082e-02,1.108994695566822321e-03,-3.890196820724503828e-03,8.268191932628940477e-03,6.194105144362954847e-03,1.279973732422716101e-02,4.073846849806489825e-03,1.386063061982010028e-02,1.578574382276414986e-02,1.290815701334117015e-02,8.366465797826065642e-03,5.078963173515220995e-03,1.498965878000744698e-02,6.658891041947767424e-03,1.511045590248011501e-02,2.509860211365886121e-02,1.056557463834140523e-02,5.807299726672129729e-03,1.302049903282437304e-02,1.021850602827427228e-02,5.250651576299430329e-03,1.233946005616298053e-02,5.765881078714760882e-03,1.491428334235183825e-02,7.531711689251008660e-03,8.097042286959477489e-03
