5.114857872699948294e-01,4.670294067394957782e-01,3.322057925786690569e-01,-2.741404696423965781e-01,-6.822017382270754993e-02,-1.695545682237863117e-01,-5.237239640839910781e-02,-1.205612242405280227e-02,-8.767252897563328901e-03,1.414261258173212139e-02,-2.168422911811413844e-03,-8.953564825673106242e-02,-1.506296348822454279e-01,-1.535867275440208901e-01,-1.754113209223789327e-01,-1.762017678797102305e-01,-1.548656741966003836e-01,-1.468488588863520461e-01,-1.364227446136223876e-01,-1.369529982883775088e-01,-1.249284660221443161e-01,-1.219795079877117744e-01,-1.311587222377551820e-01,-1.156576253106863655e-01,-1.308499810651809481e-01,-1.177045278239257226e-01,-1.004384917219372786e-01,-9.963300790874811408e-02,-9.661259794023999148e-02,-1.011392315081008075e-01,-9.594045349734685313e-02,-1.013341613025897231e-01,-1.079959789280104387e-01,-1.111348324708781587e-01,-1.096866075006853042e-01,-1.054096034721070801e-01,-1.103454300723470810e-01,-1.075980582441040945e-01,-1.122247257775221413e-01,-1.245859871848294664e-01,-1.241434448074821145e-01,-1.200236629807129723e-01,-1.217870271168669943e-01,-1.213013266486149405e-01,-1.172286903459307805e-01,-1.185709812355412590e-01,-1.151992444954301892e-01,-1.183768828023358116e-01,-1.163384300072581451e-01,-1.148323257704311484e-01
4.670294067394957782e-01,4.264370040927552563e-01,3.033317407538047572e-01,-2.503132327170454752e-01,-6.229073827864879676e-02,-1.548175362411890466e-01,-4.782038882192573420e-02,-1.100825055831293128e-02,-8.005236941848166074e-03,1.291339100358278140e-02,-1.979951919033517884e-03,-8.175355352602126091e-02,-1.375374854341885333e-01,-1.402375589569993530e-01,-1.601652424850761869e-01,-1.608869868281829763e-01,-1.414053444776753043e-01,-1.340853199697242260e-01,-1.245654035134330928e-01,-1.250495695749457570e-01,-1.140701634792414265e-01,-1.113775175531997175e-01,-1.197589097486960602e-01,-1.056051086425115193e-01,-1.194770031732806659e-01,-1.074741022493789638e-01,-9.170876370401447042e-02,-9.097328945081969986e-02,-8.821540191843736667e-02,-9.234859787879630411e-02,-8.760167768949432554e-02,-9.252658512407575808e-02,-9.860938314279156514e-02,-1.014754195888705052e-01,-1.001530687719217882e-01,-9.624780550986558603e-02,-1.007546290155251628e-01,-9.824604819671865774e-02,-1.024705835544784532e-01,-1.137574515873508163e-01,-1.133533732940854855e-01,-1.095916670837886742e-01,-1.112017663805247303e-01,-1.107582811318894578e-01,-1.070396227377613252e-01,-1.082652468576277976e-01,-1.051865685275404222e-01,-1.080880187149013127e-01,-1.062267404091378903e-01,-1.048515409691549577e-01
3.322057925786690569e-01,3.033317407538047572e-01,2.157649173633167938e-01,-1.780519698925047967e-01,-4.430843921507443550e-02,-1.101242910829581118e-01,-3.401543872989863659e-02,-7.830351898309394904e-03,-5.694258315794019192e-03,9.185510015681718973e-03,-1.408372764195290347e-03,-5.815266373661970994e-02,-9.783270324865805945e-02,-9.975331049891339452e-02,-1.139282035681070671e-01,-1.144415923356688070e-01,-1.005839757822130226e-01,-9.537712047873991850e-02,-8.860544540644764433e-02,-8.894984078687434570e-02,-8.114000643505002441e-02,-7.922468255803830073e-02,-8.518650636835525813e-02,-7.511867199512498039e-02,-8.498598152780358073e-02,-7.644811826453477843e-02,-6.523397048035556312e-02,-6.471081539915926606e-02,-6.274908408135219939e-02,-6.568909518146567872e-02,-6.231253181942079944e-02,-6.581570047234017173e-02,-7.014249597545620107e-02,-7.218115541614657238e-02,-7.124054526425366296e-02,-6.846266648728924209e-02,-7.166844508089549592e-02,-6.988404977915770033e-02,-7.288903211335168164e-02,-8.091756926001204830e-02,-8.063014164251994242e-02,-7.795437738655186521e-02,-7.909966782283614495e-02,-7.878420938190357214e-02,-7.613906575427849266e-02,-7.701087259613481617e-02,-7.482095744307896978e-02,-7.688480726754499950e-02,-7.556084902026424799e-02,-7.458264676293170636e-02
-2.741404696423965781e-01,-2.503132327170454752e-01,-1.780519698925047967e-01,1.469307632121616969e-01,3.656389083783283256e-02,9.087597372152755870e-02,2.806997516847436688e-02,6.461706553053096595e-03,4.698974803659511194e-03,-7.580000366813640159e-03,1.162207221045450344e-03,4.798832200958100952e-02,8.073279820556186759e-02,8.231770787705358638e-02,9.401501096426362336e-02,9.443866594257083191e-02,8.300318349477814328e-02,7.870641989178946141e-02,7.311834699825421613e-02,7.340254647171934321e-02,6.695777126048804706e-02,6.537722149618224732e-02,7.029699476864439966e-02,6.198888905520872489e-02,7.013151910508892695e-02,6.308596512312177051e-02,5.383190691922699195e-02,5.340019265397737136e-02,5.178134687587848672e-02,5.420748164457962759e-02,5.142109836491675495e-02,5.431195795015558020e-02,5.788248494808584388e-02,5.956481279725829581e-02,5.878860926754669869e-02,5.649626816591973161e-02,5.914171766997178281e-02,5.766921184083292212e-02,6.014896170301434197e-02,6.677421325821125686e-02,6.653702431145654128e-02,6.432894941881353579e-02,6.527405773749389573e-02,6.501373739666370388e-02,6.283093103823073067e-02,6.355035719636327463e-02,6.174321119846933048e-02,6.344632647457118524e-02,6.235377919272176717e-02,6.154655417671944101e-02
-6.822017382270754993e-02,-6.229073827864879676e-02,-4.430843921507443550e-02,3.656389083783283256e-02,9.098966642339386540e-03,2.261459145990872208e-02,6.985245876649824083e-03,1.608003170110704812e-03,1.169345329831593698e-03,-1.886291882678812646e-03,2.892166149023967588e-04,1.194194958965441242e-02,2.009045046855500311e-02,2.048485707850766779e-02,2.339574451846613071e-02,2.350117155117923545e-02,2.065543848100303767e-02,1.958618387494898833e-02,1.819558545426266244e-02,1.826630882285322499e-02,1.666251903679223309e-02,1.626919739479952207e-02,1.749348867967783633e-02,1.542600693702492545e-02,1.745230986888109820e-02,1.569901558893004034e-02,1.339613247189637771e-02,1.328869987628046763e-02,1.288584822683909101e-02,1.348959467789761189e-02,1.279619996706465347e-02,1.351559372771338023e-02,1.440412351229869090e-02,1.482277274875409660e-02,1.462961360013297074e-02,1.405916185830178786e-02,1.471748503561689549e-02,1.435105025220139580e-02,1.496813888145607195e-02,1.661684041503226628e-02,1.655781567053685177e-02,1.600833367254467232e-02,1.624352497379901936e-02,1.617874395506000221e-02,1.563555006111262691e-02,1.581458009496497161e-02,1.536486971743435299e-02,1.578869192919096082e-02,1.551681027094999228e-02,1.531593138948620855e-02
-1.695545682237863117e-01,-1.548175362411890466e-01,-1.101242910829581118e-01,9.087597372152755870e-02,2.261459145990872208e-02,5.620635474349796462e-02,1.736114527691395501e-02,3.996534572297539591e-03,2.906293423106194942e-03,-4.688193943082280893e-03,7.188196029866789159e-04,2.968054745339996844e-02,4.993284924001984565e-02,5.091310828522460641e-02,5.814783425225085456e-02,5.840986282839073784e-02,5.133707167356555551e-02,4.867954395277783453e-02,4.522334761700071842e-02,4.539912363093913383e-02,4.141306101251119448e-02,4.043549854903177171e-02,4.347835476817824701e-02,3.833983115349039184e-02,4.337600886236513131e-02,3.901836745003327972e-02,3.329477674806206183e-02,3.302776354152651972e-02,3.202651517683040294e-02,3.352706791789940993e-02,3.180370319723063721e-02,3.359168601279299143e-02,3.580003986968659929e-02,3.684055159146728403e-02,3.636047342385588521e-02,3.494267142543142773e-02,3.657886928050377295e-02,3.566813147374201659e-02,3.720184489348504070e-02,4.129953126675443842e-02,4.115283103855792851e-02,3.978714728702652942e-02,4.037169225810550294e-02,4.021068537339767685e-02,3.886063008932025276e-02,3.930559172439042348e-02,3.818788057510275058e-02,3.924124922093439466e-02,3.856551395689349071e-02,3.806624914850448294e-02
-5.237239640839910781e-02,-4.782038882192573420e-02,-3.401543872989863659e-02,2.806997516847436688e-02,6.985245876649824083e-03,1.736114527691395501e-02,5.362549603183067171e-03,1.234458588010353209e-03,8.977024495921985450e-04,-1.448099890192845653e-03,2.220306157959653132e-04,9.167794257221899973e-03,1.542337078613905191e-02,1.572615540489729485e-02,1.796083383450565799e-02,1.804176981047899558e-02,1.585711016989980668e-02,1.503624702998312100e-02,1.396868933184039138e-02,1.402298342239469836e-02,1.279175943505000621e-02,1.248980774252033028e-02,1.342969201572121428e-02,1.184249328364612996e-02,1.339807918212931534e-02,1.205208110113929060e-02,1.028416553116523989e-02,1.020168989134337227e-02,9.892422044369736725e-03,1.035591615019206511e-02,9.823599378944799718e-03,1.037587553268696366e-02,1.105799683920692840e-02,1.137939244023102384e-02,1.123110481598973975e-02,1.079317094568495346e-02,1.129856341942428802e-02,1.101725267716883658e-02,1.149098952800759604e-02,1.275669211182076275e-02,1.271137901536568623e-02,1.228954354638959676e-02,1.247009911186075688e-02,1.242036694316298907e-02,1.200335883036704465e-02,1.214079958105003347e-02,1.179555844721441073e-02,1.212092532385828682e-02,1.191220269558468554e-02,1.175798865858374009e-02
-1.205612242405280227e-02,-1.100825055831293128e-02,-7.830351898309394904e-03,6.461706553053096595e-03,1.608003170110704812e-03,3.996534572297539591e-03,1.234458588010353209e-03,2.841722908461256285e-04,2.066510485458696869e-04,-3.333525054359063743e-04,5.111143406633720767e-05,2.110425672747531269e-03,3.550459003999881756e-03,3.620160004569003900e-03,4.134582841279740677e-03,4.153214297958481363e-03,3.650305783398259847e-03,3.461343139201938143e-03,3.215591422912599754e-03,3.228089919210571333e-03,2.944662233238250562e-03,2.875152972235563500e-03,3.091514273975336843e-03,2.726141223714622849e-03,3.084237001631622444e-03,2.774388326378831975e-03,2.367414271176390347e-03,2.348428383974676768e-03,2.277234944670071277e-03,2.383931259252388812e-03,2.261391971332699785e-03,2.388525907872079881e-03,2.545550190574966988e-03,2.619535438114186082e-03,2.585399636156932631e-03,2.484587286214767939e-03,2.600928602508219278e-03,2.536170886985988481e-03,2.645225080839550512e-03,2.936589737593047270e-03,2.926158665582972301e-03,2.829052166634069693e-03,2.870616046672940132e-03,2.859167704505032569e-03,2.763172462651165145e-03,2.794811314984127232e-03,2.715336827261946931e-03,2.790236262203999590e-03,2.742188326044767577e-03,2.706688264235645146e-03
-8.767252897563328901e-03,-8.005236941848166074e-03,-5.694258315794019192e-03,4.698974803659511194e-03,1.169345329831593698e-03,2.906293423106194942e-03,8.977024495921985450e-04,2.066510485458696869e-04,1.502773396306653997e-04,-2.424150665028240292e-04,3.716840727518708670e-05,1.534708668649025550e-03,2.581905765024061251e-03,2.632592567771165157e-03,3.006682590009736485e-03,3.020231448158898404e-03,2.654514679831198026e-03,2.517100407514581955e-03,2.338388930396517480e-03,2.347477879067528563e-03,2.141368309697764660e-03,2.090820940610212727e-03,2.248159609120574300e-03,1.982459094401273908e-03,2.242867552122680859e-03,2.017544550218163153e-03,1.721591644366100805e-03,1.707785043144959035e-03,1.656012933914740139e-03,1.733602853814298012e-03,1.644491870258257913e-03,1.736944097790351152e-03,1.851132685886308377e-03,1.904935007482784319e-03,1.880111337143866275e-03,1.806800256179933936e-03,1.891404053860785582e-03,1.844312024675755007e-03,1.923616602335528414e-03,2.135497963632372771e-03,2.127912452877911420e-03,2.057296279257813613e-03,2.087521673035942684e-03,2.079196399991001861e-03,2.009388336279201073e-03,2.032396216427975050e-03,1.974602100852759085e-03,2.029069222612543515e-03,1.994128601349949830e-03,1.968312836644464919e-03
1.414261258173212139e-02,1.291339100358278140e-02,9.185510015681718973e-03,-7.580000366813640159e-03,-1.886291882678812646e-03,-4.688193943082280893e-03,-1.448099890192845653e-03,-3.333525054359063743e-04,-2.424150665028240292e-04,3.910440829734849132e-04,-5.995702308520232417e-05,-2.475666024480881362e-03,-4.164918405333601845e-03,-4.246682194132048865e-03,-4.850133505167246971e-03,-4.871989410770486383e-03,-4.282045145499062400e-03,-4.060379723127735020e-03,-3.772097040476652709e-03,-3.786758586268818092e-03,-3.454279550584313154e-03,-3.372740684717949380e-03,-3.626546507233484404e-03,-3.197940250935532146e-03,-3.618009795363042076e-03,-3.254537227738770171e-03,-2.777130297790747406e-03,-2.754858622224577638e-03,-2.671344106111399590e-03,-2.796505794750720874e-03,-2.652759272101568033e-03,-2.801895615216325360e-03,-2.986095270634601777e-03,-3.072884758656376121e-03,-3.032841251692215342e-03,-2.914581834730602637e-03,-3.051057735166438824e-03,-2.975092739946926575e-03,-3.103020373711400104e-03,-3.444809990267812694e-03,-3.432573667090113145e-03,-3.318661453403361824e-03,-3.367418577137432090e-03,-3.353988930167342043e-03,-3.241380293038659179e-03,-3.278494716344677439e-03,-3.185265994003260402e-03,-3.273127883068249408e-03,-3.216764541477065004e-03,-3.175120669331870770e-03
-2.168422911811413844e-03,-1.979951919033517884e-03,-1.408372764195290347e-03,1.162207221045450344e-03,2.892166149023967588e-04,7.188196029866789159e-04,2.220306157959653132e-04,5.111143406633720767e-05,3.716840727518708670e-05,-5.995702308520232417e-05,9.192939552759347261e-06,3.795826901467642261e-04,6.385881281663671055e-04,6.511246006153129052e-04,7.436490646384351019e-04,7.470001319320072539e-04,6.565466422310522326e-04,6.225596841744405856e-04,5.783586024770898722e-04,5.806065910742920543e-04,5.296290821798948275e-04,5.171270961482519416e-04,5.560419965963267963e-04,4.903257351254679914e-04,5.547331011214367072e-04,4.990034939575205362e-04,4.258048456049488058e-04,4.223900301807847102e-04,4.095851266198544832e-04,4.287756030440652592e-04,4.067355979598399288e-04,4.296019998728452141e-04,4.578445010973145241e-04,4.711515413095212438e-04,4.650118512438721407e-04,4.468796689617785651e-04,4.678049023799243054e-04,4.561575327600851833e-04,4.757720990579030048e-04,5.281771572659897359e-04,5.263010170987107543e-04,5.088353718605367372e-04,5.163110814303199358e-04,5.142519743156216379e-04,4.969862005834683885e-04,5.026767874810629663e-04,4.883824485535310025e-04,5.018539151741829851e-04,4.932119785739826068e-04,4.868269117432031160e-04
-8.953564825673106242e-02,-8.175355352602126091e-02,-5.815266373661970994e-02,4.798832200958100952e-02,1.194194958965441242e-02,2.968054745339996844e-02,9.167794257221899973e-03,2.110425672747531269e-03,1.534708668649025550e-03,-2.475666024480881362e-03,3.795826901467642261e-04,1.567322593955351728e-02,2.636773560774891001e-02,2.688537503198464365e-02,3.070577271400116992e-02,3.084414054845265735e-02,2.710925479653429962e-02,2.570591031732839121e-02,2.388081776648718485e-02,2.397363873569360176e-02,2.186874292385226556e-02,2.135252746710575994e-02,2.295935001979405518e-02,2.024588114813080653e-02,2.290530484059672550e-02,2.060419167796840451e-02,1.758176999257443293e-02,1.744076995470607641e-02,1.691204682835107873e-02,1.770443457598021297e-02,1.679438786320612900e-02,1.773855705982732220e-02,1.890470903218948590e-02,1.945416572040666037e-02,1.920065376610610719e-02,1.845196369919480453e-02,1.931598073609830032e-02,1.883505296886361230e-02,1.964495167413175120e-02,2.180879196240536819e-02,2.173132486630405258e-02,2.101015656462979983e-02,2.131883366763561924e-02,2.123381174255785375e-02,2.052089627051534998e-02,2.075586445133588767e-02,2.016564153157857087e-02,2.072188749738097455e-02,2.036505609171831988e-02,2.010141236486849559e-02
-1.506296348822454279e-01,-1.375374854341885333e-01,-9.783270324865805945e-02,8.073279820556186759e-02,2.009045046855500311e-02,4.993284924001984565e-02,1.542337078613905191e-02,3.550459003999881756e-03,2.581905765024061251e-03,-4.164918405333601845e-03,6.385881281663671055e-04,2.636773560774891001e-02,4.435956476104715995e-02,4.523041161357321815e-02,5.165762936596071664e-02,5.189041146771207480e-02,4.560705407775618447e-02,4.324614788416232536e-02,4.017571694506596319e-02,4.033187361532188792e-02,3.679071773187166799e-02,3.592226648050721866e-02,3.862549250438136045e-02,3.406050823988965304e-02,3.853456999733347044e-02,3.466330930666892962e-02,2.957856056362459518e-02,2.934135019394515029e-02,2.845185675722707030e-02,2.978492441725300727e-02,2.825391406841575720e-02,2.984233012529489623e-02,3.180419726128180802e-02,3.272857165227798654e-02,3.230207769307791299e-02,3.104252450264917418e-02,3.249609716711065327e-02,3.168701189891003078e-02,3.304953898886136415e-02,3.668985967578579366e-02,3.655953348026107913e-02,3.534628132779578380e-02,3.586558196645306396e-02,3.572254596033917762e-02,3.452317789469702691e-02,3.491847487388990284e-02,3.392551771511361641e-02,3.486131399698462474e-02,3.426100132380935359e-02,3.381746225208113327e-02
-1.535867275440208901e-01,-1.402375589569993530e-01,-9.975331049891339452e-02,8.231770787705358638e-02,2.048485707850766779e-02,5.091310828522460641e-02,1.572615540489729485e-02,3.620160004569003900e-03,2.632592567771165157e-03,-4.246682194132048865e-03,6.511246006153129052e-04,2.688537503198464365e-02,4.523041161357321815e-02,4.611835453646545568e-02,5.267174851218432013e-02,5.290910048656026488e-02,4.650239107464874955e-02,4.409513664164169816e-02,4.096442839519062740e-02,4.112365066235974115e-02,3.751297641298312335e-02,3.662747612060791857e-02,3.938377065151619366e-02,3.472916868676174940e-02,3.929106319505519529e-02,3.534380367063472139e-02,3.015923344686513227e-02,2.991736627081377151e-02,2.901041070244793005e-02,3.036964854205488271e-02,2.880858209256252286e-02,3.042818121291608613e-02,3.242856283455316374e-02,3.337108412426856990e-02,3.293621742913233064e-02,3.165193726184178935e-02,3.313404580546640971e-02,3.230907694230658600e-02,3.369835254600390267e-02,3.741013835729226078e-02,3.727725365701700655e-02,3.604018348866307869e-02,3.656967880188746051e-02,3.642383477778728118e-02,3.520092126235101204e-02,3.560397853252039030e-02,3.459152808923907779e-02,3.554569549920953697e-02,3.493359775995458216e-02,3.448135133037296546e-02
-1.754113209223789327e-01,-1.601652424850761869e-01,-1.139282035681070671e-01,9.401501096426362336e-02,2.339574451846613071e-02,5.814783425225085456e-02,1.796083383450565799e-02,4.134582841279740677e-03,3.006682590009736485e-03,-4.850133505167246971e-03,7.436490646384351019e-04,3.070577271400116992e-02,5.165762936596071664e-02,5.267174851218432013e-02,6.015637633248874239e-02,6.042745589785617627e-02,5.311035644089278501e-02,5.036103241633442529e-02,4.678545217112659027e-02,4.696729983889730287e-02,4.284355067364410685e-02,4.183222125445227452e-02,4.498018379163905983e-02,3.966416533052895266e-02,4.487430265426986531e-02,4.036613962303656211e-02,3.444484469144468153e-02,3.416860831661341913e-02,3.313277483797277823e-02,3.468515966123027205e-02,3.290226648854681357e-02,3.475200979390154210e-02,3.703664459412993326e-02,3.811309766445818842e-02,3.761643664017044753e-02,3.614966093512583106e-02,3.784237632495726644e-02,3.690017981930387297e-02,3.848687075716404615e-02,4.272609938421089576e-02,4.257433183776732077e-02,4.116147464773186465e-02,4.176621096707503616e-02,4.159964258369236445e-02,4.020295369952350817e-02,4.066328519625072441e-02,3.950696607633518570e-02,4.059672017449470621e-02,3.989764366773376064e-02,3.938113325785782409e-02
-1.762017678797102305e-01,-1.608869868281829763e-01,-1.144415923356688070e-01,9.443866594257083191e-02,2.350117155117923545e-02,5.840986282839073784e-02,1.804176981047899558e-02,4.153214297958481363e-03,3.020231448158898404e-03,-4.871989410770486383e-03,7.470001319320072539e-04,3.084414054845265735e-02,5.189041146771207480e-02,5.290910048656026488e-02,6.042745589785617627e-02,6.069975701503917825e-02,5.334968489147830922e-02,5.058797173035521622e-02,4.699627903293659287e-02,4.717894615144135190e-02,4.303661434874277852e-02,4.202072762812913975e-02,4.518287566597975480e-02,3.984290190600067033e-02,4.507651740192115258e-02,4.054803946893315025e-02,3.460006171243801276e-02,3.432258054792734769e-02,3.328207934648960004e-02,3.484145960113509133e-02,3.305053226921841197e-02,3.490861097709956756e-02,3.720354090889032433e-02,3.828484474397949450e-02,3.778594564182204824e-02,3.631256028132830854e-02,3.801290346691699185e-02,3.706646118991219901e-02,3.866030215102909257e-02,4.291863379464309208e-02,4.276618234595954554e-02,4.134695847068876884e-02,4.195441988201032563e-02,4.178710090014237793e-02,4.038411818913789642e-02,4.084652405386515750e-02,3.968499427294310683e-02,4.077965907359672876e-02,4.007743235455305669e-02,3.955859442054813352e-02
-1.548656741966003836e-01,-1.414053444776753043e-01,-1.005839757822130226e-01,8.300318349477814328e-02,2.065543848100303767e-02,5.133707167356555551e-02,1.585711016989980668e-02,3.650305783398259847e-03,2.654514679831198026e-03,-4.282045145499062400e-03,6.565466422310522326e-04,2.710925479653429962e-02,4.560705407775618447e-02,4.650239107464874955e-02,5.311035644089278501e-02,5.334968489147830922e-02,4.688962556003014454e-02,4.446232544958537980e-02,4.130554718461155322e-02,4.146609532667142051e-02,3.782535428819965018e-02,3.693248026208519053e-02,3.971172699544096157e-02,3.501836525178439463e-02,3.961824754589847453e-02,3.563811842111329342e-02,3.041037526932635279e-02,3.016649401809969391e-02,2.925198605372439364e-02,3.062254253207615656e-02,2.904847677761796670e-02,3.068156261591009626e-02,3.269860180568347902e-02,3.364897165411082081e-02,3.321048373914024798e-02,3.191550912026999698e-02,3.340995947097007840e-02,3.257812093109442586e-02,3.397896530385966646e-02,3.772165987995040881e-02,3.758766862284341342e-02,3.634029712978445459e-02,3.687420165381299908e-02,3.672714315806294844e-02,3.549404620313280356e-02,3.590045980984700458e-02,3.487957849414542733e-02,3.584169144234420484e-02,3.522449664576394329e-02,3.476848427190770002e-02
-1.468488588863520461e-01,-1.340853199697242260e-01,-9.537712047873991850e-02,7.870641989178946141e-02,1.958618387494898833e-02,4.867954395277783453e-02,1.503624702998312100e-02,3.461343139201938143e-03,2.517100407514581955e-03,-4.060379723127735020e-03,6.225596841744405856e-04,2.570591031732839121e-02,4.324614788416232536e-02,4.409513664164169816e-02,5.036103241633442529e-02,5.058797173035521622e-02,4.446232544958537980e-02,4.216067756510370051e-02,3.916731387509557460e-02,3.931955104178973953e-02,3.586727751653122354e-02,3.502062423106698519e-02,3.765599978135715509e-02,3.320559577819510999e-02,3.756735941243172922e-02,3.379326664960900783e-02,2.883614416024260496e-02,2.860488772700021595e-02,2.773772041114606554e-02,2.903732831928538746e-02,2.754474604723959955e-02,2.909329315466519308e-02,3.100591778813451341e-02,3.190709055276122474e-02,3.149130151311189951e-02,3.026336287497017469e-02,3.168045113420582537e-02,3.089167375670043292e-02,3.222000166851842623e-02,3.576895097901194864e-02,3.564189594690748281e-02,3.445909619923366585e-02,3.496536248783868595e-02,3.482591665904227751e-02,3.365665251017865844e-02,3.404202760825267987e-02,3.307399349064173155e-02,3.398630145879352749e-02,3.340105652276400411e-02,3.296865019976055744e-02
-1.364227446136223876e-01,-1.245654035134330928e-01,-8.860544540644764433e-02,7.311834699825421613e-02,1.819558545426266244e-02,4.522334761700071842e-02,1.396868933184039138e-02,3.215591422912599754e-03,2.338388930396517480e-03,-3.772097040476652709e-03,5.783586024770898722e-04,2.388081776648718485e-02,4.017571694506596319e-02,4.096442839519062740e-02,4.678545217112659027e-02,4.699627903293659287e-02,4.130554718461155322e-02,3.916731387509557460e-02,3.638647585350997249e-02,3.652790434175321593e-02,3.332073859974924585e-02,3.253419680558707061e-02,3.498246346822735803e-02,3.084803346070066898e-02,3.490011647211106044e-02,3.139398031936681960e-02,2.678880830431804028e-02,2.657397083420262249e-02,2.576837148419598711e-02,2.697570860002027407e-02,2.558909809682481662e-02,2.702769999104836715e-02,2.880453029052955014e-02,2.964172073827130507e-02,2.925545228239481363e-02,2.811469599390335403e-02,2.943117247966389738e-02,2.869839746496874802e-02,2.993241549446792882e-02,3.322939314280464601e-02,3.311135888412552325e-02,3.201253667243322137e-02,3.248285858790876668e-02,3.235331326604788671e-02,3.126706563991021176e-02,3.162507951202202239e-02,3.072577479691790403e-02,3.157330986046558152e-02,3.102961669832665983e-02,3.062791076870765780e-02
-1.369529982883775088e-01,-1.250495695749457570e-01,-8.894984078687434570e-02,7.340254647171934321e-02,1.826630882285322499e-02,4.539912363093913383e-02,1.402298342239469836e-02,3.228089919210571333e-03,2.347477879067528563e-03,-3.786758586268818092e-03,5.806065910742920543e-04,2.397363873569360176e-02,4.033187361532188792e-02,4.112365066235974115e-02,4.696729983889730287e-02,4.717894615144135190e-02,4.146609532667142051e-02,3.931955104178973953e-02,3.652790434175321593e-02,3.666988254020717847e-02,3.345025105119650566e-02,3.266065209323163604e-02,3.511843478194452001e-02,3.096793489757494050e-02,3.503576771605228235e-02,3.151600376550625637e-02,2.689293217373514219e-02,2.667725966428443132e-02,2.586852907676369731e-02,2.708055892138583678e-02,2.568855888203293650e-02,2.713275239474427156e-02,2.891648895313701784e-02,2.975693342800328142e-02,2.936916360760912642e-02,2.822397337948607740e-02,2.954556680154854162e-02,2.880994360603560123e-02,3.004875806883261849e-02,3.335855054887951199e-02,3.324005750966740891e-02,3.213696434948124653e-02,3.260911433200495285e-02,3.247906548792579839e-02,3.138859578872308514e-02,3.174800120424554201e-02,3.084520103366385560e-02,3.169603033222451183e-02,3.115022392058374584e-02,3.074695662342335697e-02
-1.249284660221443161e-01,-1.140701634792414265e-01,-8.114000643505002441e-02,6.695777126048804706e-02,1.666251903679223309e-02,4.141306101251119448e-02,1.279175943505000621e-02,2.944662233238250562e-03,2.141368309697764660e-03,-3.454279550584313154e-03,5.296290821798948275e-04,2.186874292385226556e-02,3.679071773187166799e-02,3.751297641298312335e-02,4.284355067364410685e-02,4.303661434874277852e-02,3.782535428819965018e-02,3.586727751653122354e-02,3.332073859974924585e-02,3.345025105119650566e-02,3.051330459434179951e-02,2.979303276514454896e-02,3.203502107466733168e-02,2.824893686870104739e-02,3.195961221278391384e-02,2.874888505385131757e-02,2.453172114003621118e-02,2.433498476985389986e-02,2.359726107641990991e-02,2.470287417838995178e-02,2.343309234234014146e-02,2.475048504229619695e-02,2.637760876220465039e-02,2.714426185000893069e-02,2.679053838694506542e-02,2.574589635434279891e-02,2.695145330444001508e-02,2.628041814249202149e-02,2.741046416161896718e-02,3.042965543564435382e-02,3.032156613633666190e-02,2.931532503096556663e-02,2.974602004156228635e-02,2.962738954203474745e-02,2.863266355233308816e-02,2.896051301749547405e-02,2.813697909093051258e-02,2.891310521043399459e-02,2.841522083693661174e-02,2.804736058224509276e-02
-1.219795079877117744e-01,-1.113775175531997175e-01,-7.922468255803830073e-02,6.537722149618224732e-02,1.626919739479952207e-02,4.043549854903177171e-02,1.248980774252033028e-02,2.875152972235563500e-03,2.090820940610212727e-03,-3.372740684717949380e-03,5.171270961482519416e-04,2.135252746710575994e-02,3.592226648050721866e-02,3.662747612060791857e-02,4.183222125445227452e-02,4.202072762812913975e-02,3.693248026208519053e-02,3.502062423106698519e-02,3.253419680558707061e-02,3.266065209323163604e-02,2.979303276514454896e-02,2.908976307697463612e-02,3.127882886492224651e-02,2.758211583106525561e-02,3.120520004225812646e-02,2.807026265288863065e-02,2.395264562219908203e-02,2.376055324804097341e-02,2.304024364990642573e-02,2.411975856349849248e-02,2.287995014717135803e-02,2.416624556473235402e-02,2.575496074798313759e-02,2.650351685713300126e-02,2.615814309755640915e-02,2.513816002070089900e-02,2.631525959060970060e-02,2.566006432964822517e-02,2.676343541716420457e-02,2.971135815929681206e-02,2.960582032658255064e-02,2.862333171643346996e-02,2.904386009685881731e-02,2.892802989077816050e-02,2.795678458000269706e-02,2.827689510187067490e-02,2.747280083599097991e-02,2.823060636428921868e-02,2.774447463748833109e-02,2.738529778769359033e-02
-1.311587222377551820e-01,-1.197589097486960602e-01,-8.518650636835525813e-02,7.029699476864439966e-02,1.749348867967783633e-02,4.347835476817824701e-02,1.342969201572121428e-02,3.091514273975336843e-03,2.248159609120574300e-03,-3.626546507233484404e-03,5.560419965963267963e-04,2.295935001979405518e-02,3.862549250438136045e-02,3.938377065151619366e-02,4.498018379163905983e-02,4.518287566597975480e-02,3.971172699544096157e-02,3.765599978135715509e-02,3.498246346822735803e-02,3.511843478194452001e-02,3.203502107466733168e-02,3.127882886492224651e-02,3.363262645255001709e-02,2.965772799625236017e-02,3.355345690628967065e-02,3.018260889199443631e-02,2.575513252880034382e-02,2.554858479990852055e-02,2.477407039117341878e-02,2.593482107003003065e-02,2.460171446558740219e-02,2.598480631577427050e-02,2.769307565439022012e-02,2.849796218343955689e-02,2.812659832283838021e-02,2.702985937650664514e-02,2.829553816208925723e-02,2.759103808120213358e-02,2.877744016119124920e-02,3.194720028313485782e-02,3.183372050677837212e-02,3.077729756454676904e-02,3.122947158911238905e-02,3.110492491666944775e-02,3.006059135571108321e-02,3.040479086688888111e-02,2.954018681813254735e-02,3.035501880455398691e-02,2.983230464396795234e-02,2.944609898161060571e-02
-1.156576253106863655e-01,-1.056051086425115193e-01,-7.511867199512498039e-02,6.198888905520872489e-02,1.542600693702492545e-02,3.833983115349039184e-02,1.184249328364612996e-02,2.726141223714622849e-03,1.982459094401273908e-03,-3.197940250935532146e-03,4.903257351254679914e-04,2.024588114813080653e-02,3.406050823988965304e-02,3.472916868676174940e-02,3.966416533052895266e-02,3.984290190600067033e-02,3.501836525178439463e-02,3.320559577819510999e-02,3.084803346070066898e-02,3.096793489757494050e-02,2.824893686870104739e-02,2.758211583106525561e-02,2.965772799625236017e-02,2.615260604581762238e-02,2.958791516519377468e-02,2.661545347934510253e-02,2.271124189852493161e-02,2.252910517571022828e-02,2.184612736260817256e-02,2.286969380793332438e-02,2.169414145788600701e-02,2.291377150802598184e-02,2.442014768891954610e-02,2.512990806936677909e-02,2.480243413922662149e-02,2.383531414938321047e-02,2.495140769046880549e-02,2.433016950671369055e-02,2.537635572211823648e-02,2.817149524660933838e-02,2.807142716703173863e-02,2.713985840257900420e-02,2.753859188378511569e-02,2.742876485795485084e-02,2.650785668172443363e-02,2.681137670248050567e-02,2.604895656444412150e-02,2.676748699054760580e-02,2.630655021487494222e-02,2.596598857301288948e-02
-1.308499810651809481e-01,-1.194770031732806659e-01,-8.498598152780358073e-02,7.013151910508892695e-02,1.745230986888109820e-02,4.337600886236513131e-02,1.339807918212931534e-02,3.084237001631622444e-03,2.242867552122680859e-03,-3.618009795363042076e-03,5.547331011214367072e-04,2.290530484059672550e-02,3.853456999733347044e-02,3.929106319505519529e-02,4.487430265426986531e-02,4.507651740192115258e-02,3.961824754589847453e-02,3.756735941243172922e-02,3.490011647211106044e-02,3.503576771605228235e-02,3.195961221278391384e-02,3.120520004225812646e-02,3.355345690628967065e-02,2.958791516519377468e-02,3.347447372124170983e-02,3.011156051715802029e-02,2.569450621526922843e-02,2.548844468955857590e-02,2.471575344959704018e-02,2.587377177852258001e-02,2.454380324137118985e-02,2.592363936146001302e-02,2.762788751818513397e-02,2.843087938398587006e-02,2.806038969562279356e-02,2.696623241875652568e-02,2.822893185881260314e-02,2.752609013641889313e-02,2.870969948434218960e-02,3.187199814706923734e-02,3.175878549651750538e-02,3.070484932186317087e-02,3.115595895104442473e-02,3.103170545533466551e-02,2.998983020414564687e-02,3.033321948662592860e-02,2.947065067321845422e-02,3.028356458527424119e-02,2.976208086807862960e-02,2.937678431482957167e-02
-1.177045278239257226e-01,-1.074741022493789638e-01,-7.644811826453477843e-02,6.308596512312177051e-02,1.569901558893004034e-02,3.901836745003327972e-02,1.205208110113929060e-02,2.774388326378831975e-03,2.017544550218163153e-03,-3.254537227738770171e-03,4.990034939575205362e-04,2.060419167796840451e-02,3.466330930666892962e-02,3.534380367063472139e-02,4.036613962303656211e-02,4.054803946893315025e-02,3.563811842111329342e-02,3.379326664960900783e-02,3.139398031936681960e-02,3.151600376550625637e-02,2.874888505385131757e-02,2.807026265288863065e-02,3.018260889199443631e-02,2.661545347934510253e-02,3.011156051715802029e-02,2.708649236218169110e-02,2.311318425205309210e-02,2.292782408318650572e-02,2.223275896500302370e-02,2.327444043494320339e-02,2.207808322180693575e-02,2.331929821983227957e-02,2.485233416641161389e-02,2.557465584839515790e-02,2.524138630202306388e-02,2.425715027393736400e-02,2.539299637926694525e-02,2.476076355511343946e-02,2.582546511862311017e-02,2.867007287404254798e-02,2.856823379490457462e-02,2.762017817590959462e-02,2.802596842110012879e-02,2.791419768239656804e-02,2.697699132214829640e-02,2.728588302411960251e-02,2.650996961495218421e-02,2.724121655439492792e-02,2.677212214413439428e-02,2.642553326041284165e-02
-1.004384917219372786e-01,-9.170876370401447042e-02,-6.523397048035556312e-02,5.383190691922699195e-02,1.339613247189637771e-02,3.329477674806206183e-02,1.028416553116523989e-02,2.367414271176390347e-03,1.721591644366100805e-03,-2.777130297790747406e-03,4.258048456049488058e-04,1.758176999257443293e-02,2.957856056362459518e-02,3.015923344686513227e-02,3.444484469144468153e-02,3.460006171243801276e-02,3.041037526932635279e-02,2.883614416024260496e-02,2.678880830431804028e-02,2.689293217373514219e-02,2.453172114003621118e-02,2.395264562219908203e-02,2.575513252880034382e-02,2.271124189852493161e-02,2.569450621526922843e-02,2.311318425205309210e-02,1.972271932172497966e-02,1.956454957132984507e-02,1.897144331272159271e-02,1.986032089143294557e-02,1.883945690030602166e-02,1.989859850351418866e-02,2.120675394219250637e-02,2.182311850877085430e-02,2.153873615582901566e-02,2.069887736715786408e-02,2.166810660376122105e-02,2.112861579190314018e-02,2.203713665469321167e-02,2.446446989137452191e-02,2.437756955120858396e-02,2.356858388004717461e-02,2.391484889581071971e-02,2.381947376775424979e-02,2.301974588136112762e-02,2.328332636738831077e-02,2.262123142538080556e-02,2.324521200651655933e-02,2.284492889156107542e-02,2.254918101021635007e-02
-9.963300790874811408e-02,-9.097328945081969986e-02,-6.471081539915926606e-02,5.340019265397737136e-02,1.328869987628046763e-02,3.302776354152651972e-02,1.020168989134337227e-02,2.348428383974676768e-03,1.707785043144959035e-03,-2.754858622224577638e-03,4.223900301807847102e-04,1.744076995470607641e-02,2.934135019394515029e-02,2.991736627081377151e-02,3.416860831661341913e-02,3.432258054792734769e-02,3.016649401809969391e-02,2.860488772700021595e-02,2.657397083420262249e-02,2.667725966428443132e-02,2.433498476985389986e-02,2.376055324804097341e-02,2.554858479990852055e-02,2.252910517571022828e-02,2.548844468955857590e-02,2.292782408318650572e-02,1.956454957132984507e-02,1.940764829053745130e-02,1.881929854989980097e-02,1.970104762150903452e-02,1.868837062529021473e-02,1.973901825967616999e-02,2.103668272011571458e-02,2.164810424470992034e-02,2.136600254511242941e-02,2.053287914889922322e-02,2.149433548441682246e-02,2.095917121220383303e-02,2.186040603518605088e-02,2.426827285418384217e-02,2.418206942628874090e-02,2.337957155529310146e-02,2.372305963902102133e-02,2.362844938825925736e-02,2.283513505762936255e-02,2.309660171447300639e-02,2.243981655708518139e-02,2.305879301829409644e-02,2.266172004284034910e-02,2.236834396265623137e-02
-9.661259794023999148e-02,-8.821540191843736667e-02,-6.274908408135219939e-02,5.178134687587848672e-02,1.288584822683909101e-02,3.202651517683040294e-02,9.892422044369736725e-03,2.277234944670071277e-03,1.656012933914740139e-03,-2.671344106111399590e-03,4.095851266198544832e-04,1.691204682835107873e-02,2.845185675722707030e-02,2.901041070244793005e-02,3.313277483797277823e-02,3.328207934648960004e-02,2.925198605372439364e-02,2.773772041114606554e-02,2.576837148419598711e-02,2.586852907676369731e-02,2.359726107641990991e-02,2.304024364990642573e-02,2.477407039117341878e-02,2.184612736260817256e-02,2.471575344959704018e-02,2.223275896500302370e-02,1.897144331272159271e-02,1.881929854989980097e-02,1.824878484030154763e-02,1.910380337610236359e-02,1.812182604215861054e-02,1.914062292090737416e-02,2.039894822302617747e-02,2.099183428726832459e-02,2.071828460073864633e-02,1.991041763573970363e-02,2.084272708147614020e-02,2.032378650396517855e-02,2.119770007367596798e-02,2.353257155613195165e-02,2.344898141572480596e-02,2.267081155228524436e-02,2.300388667294081535e-02,2.291214456548343326e-02,2.214287984012665647e-02,2.239642004254174812e-02,2.175954556012189497e-02,2.235975753039610645e-02,2.197472196301092709e-02,2.169023968274012837e-02
-1.011392315081008075e-01,-9.234859787879630411e-02,-6.568909518146567872e-02,5.420748164457962759e-02,1.348959467789761189e-02,3.352706791789940993e-02,1.035591615019206511e-02,2.383931259252388812e-03,1.733602853814298012e-03,-2.796505794750720874e-03,4.287756030440652592e-04,1.770443457598021297e-02,2.978492441725300727e-02,3.036964854205488271e-02,3.468515966123027205e-02,3.484145960113509133e-02,3.062254253207615656e-02,2.903732831928538746e-02,2.697570860002027407e-02,2.708055892138583678e-02,2.470287417838995178e-02,2.411975856349849248e-02,2.593482107003003065e-02,2.286969380793332438e-02,2.587377177852258001e-02,2.327444043494320339e-02,1.986032089143294557e-02,1.970104762150903452e-02,1.910380337610236359e-02,1.999888248048110537e-02,1.897089612020492685e-02,2.003742714800356428e-02,2.135470933228160104e-02,2.197537415434118110e-02,2.168900772113524847e-02,2.084328940134336228e-02,2.181928076147466450e-02,2.127602602734292650e-02,2.219088546316621766e-02,2.463515373087033986e-02,2.454764710396380861e-02,2.373301729740660143e-02,2.408169813671496087e-02,2.398565759497401154e-02,2.318035016294563849e-02,2.344576959866469246e-02,2.277905534925704981e-02,2.340738932132383279e-02,2.300431350907099909e-02,2.270650225238521683e-02
-9.594045349734685313e-02,-8.760167768949432554e-02,-6.231253181942079944e-02,5.142109836491675495e-02,1.279619996706465347e-02,3.180370319723063721e-02,9.823599378944799718e-03,2.261391971332699785e-03,1.644491870258257913e-03,-2.652759272101568033e-03,4.067355979598399288e-04,1.679438786320612900e-02,2.825391406841575720e-02,2.880858209256252286e-02,3.290226648854681357e-02,3.305053226921841197e-02,2.904847677761796670e-02,2.754474604723959955e-02,2.558909809682481662e-02,2.568855888203293650e-02,2.343309234234014146e-02,2.287995014717135803e-02,2.460171446558740219e-02,2.169414145788600701e-02,2.454380324137118985e-02,2.207808322180693575e-02,1.883945690030602166e-02,1.868837062529021473e-02,1.812182604215861054e-02,1.897089612020492685e-02,1.799575051030272155e-02,1.900745950739743742e-02,2.025703050234310340e-02,2.084579179319284020e-02,2.057414522184225492e-02,1.977189867594708259e-02,2.069772194258930748e-02,2.018239169160732788e-02,2.105022534873948747e-02,2.336885287414175449e-02,2.328584427951162564e-02,2.251308822918237501e-02,2.284384610968296855e-02,2.275274226213198914e-02,2.198882939586297228e-02,2.224060569127469036e-02,2.160816201449843391e-02,2.220419824424819943e-02,2.182184141154605919e-02,2.153933830570882446e-02
